1 1 1 0.670 109.500 110.200 111.000
1 1 2 0.540 110.600 109.800 110.600
1 1 3 0.800 110.600 110.600 110.600
1 1 4 0.960 108.800 109.700 110.000
1 1 5 0.590 109.800 109.310 110.700
1 1 6 0.830 107.500 107.000 107.900
1 1 8 0.780 109.470 108.000 111.000
1 1 9 0.750 109.480 111.300 111.800
1 1 11 0.920 107.300 108.300 107.400
1 1 12 0.800 106.200 106.400 108.000
1 1 13 0.740 108.200 0.000 0.000
1 1 14 0.650 106.000 107.200 107.000
1 1 15 0.740 108.000 109.500 110.100
1 1 16 0.420 107.800 0.000 0.000
1 1 17 0.650 107.500 104.700 106.000
1 1 18 0.870 103.000 0.000 0.000
1 1 19 0.400 109.000 112.700 111.500
1 1 22 0.350 114.400 112.600 114.400
1 1 25 0.600 107.500 109.600 108.000
1 1 26 0.379 110.920 0.000 0.000
1 1 29 0.450 110.000 0.000 0.000
1 1 31 0.450 110.000 0.000 0.000
1 1 32 0.560 110.200 0.000 0.000
1 1 33 0.300 110.200 0.000 0.000
1 1 34 0.500 108.200 0.000 0.000
1 1 35 0.500 108.200 0.000 0.000
1 1 36 0.590 110.100 109.310 110.700
1 1 37 0.500 110.740 0.000 0.000
1 1 39 0.543 103.500 109.299 100.900
1 1 41 0.900 107.500 0.000 0.000
1 1 43 0.450 104.500 0.000 0.000
1 1 46 1.000 106.000 106.500 106.800
1 1 50 0.540 110.600 0.000 0.000
1 1 56 0.670 109.500 109.900 111.000
1 1 57 0.540 110.600 110.600 110.600
1 1 70 1.080 104.100 0.000 0.000
1 1 71 0.360 109.000 111.000 101.600
1 1 109 0.500 108.500 0.000 0.000
1 1 110 0.455 105.000 0.000 0.000
1 1 111 0.980 108.640 108.640 108.640
1 1 150 0.780 109.140 109.140 109.140
1 1 153 0.500 109.500 0.000 0.000
1 1 154 1.238 108.154 0.000 0.000
1 1 159 0.830 109.500 0.000 0.000
2 1 2 0.450 113.200 115.500 113.000
2 1 3 0.470 109.470 110.510 110.200
2 1 4 0.570 109.470 110.510 110.200
2 1 5 0.550 109.500 109.310 110.400
2 1 6 0.700 107.000 0.000 0.000
2 1 8 1.045 110.740 0.000 0.000
2 1 9 0.500 109.800 0.000 0.000
2 1 11 0.760 109.000 0.000 0.000
2 1 12 0.650 109.500 0.000 0.000
2 1 14 0.695 109.300 0.000 0.000
2 1 15 0.650 107.800 107.800 113.900
2 1 16 0.420 107.800 0.000 0.000
2 1 19 0.500 109.500 105.000 109.500
2 1 22 0.450 112.400 0.000 0.000
2 1 36 0.550 109.500 109.310 110.400
2 1 37 0.380 110.510 0.000 0.000
2 1 39 1.045 110.740 0.000 0.000
2 1 43 0.380 110.510 0.000 0.000
3 1 3 0.470 109.470 110.510 110.200
3 1 5 0.540 109.490 109.490 109.490
3 1 6 0.700 109.500 0.000 0.000
3 1 8 1.045 110.740 0.000 0.000
3 1 9 0.850 109.500 110.600 112.300
3 1 11 0.760 109.200 0.000 0.000
3 1 12 0.650 109.800 0.000 0.000
3 1 13 0.750 109.100 0.000 0.000
3 1 14 0.600 108.900 0.000 0.000
3 1 15 0.420 107.800 0.000 0.000
3 1 16 0.420 107.800 0.000 0.000
3 1 36 0.540 109.490 0.000 0.000
3 1 39 1.045 110.740 0.000 0.000
4 1 4 0.470 109.470 110.510 110.200
4 1 5 0.680 109.390 109.410 108.800
4 1 6 0.900 109.000 109.000 109.000
4 1 11 1.280 110.700 110.700 110.700
4 1 75 0.800 107.500 0.000 0.000
5 1 5 0.550 107.600 107.800 109.470
5 1 6 0.820 110.000 108.900 108.700
5 1 8 0.820 109.300 0.000 0.000
5 1 9 0.760 111.000 111.000 111.000
5 1 11 0.720 108.500 109.300 107.000
5 1 12 0.750 105.660 106.300 107.050
5 1 13 0.510 106.500 0.000 0.000
5 1 14 0.620 102.800 102.800 107.800
5 1 15 0.740 110.800 110.800 108.000
5 1 16 0.300 108.200 0.000 0.000
5 1 17 0.715 105.000 105.000 107.700
5 1 18 0.690 106.000 0.000 0.000
5 1 19 0.540 109.500 110.000 108.900
5 1 22 0.590 109.410 109.410 109.410
5 1 25 0.570 111.000 108.400 108.600
5 1 26 0.498 109.939 0.000 0.000
5 1 29 0.580 110.000 0.000 0.000
5 1 31 0.420 111.000 111.900 110.000
5 1 32 0.350 112.000 0.000 0.000
5 1 33 0.100 109.500 0.000 0.000
5 1 34 0.330 110.500 0.000 0.000
5 1 35 0.330 110.500 0.000 0.000
5 1 36 0.550 107.600 107.800 109.470
5 1 37 0.803 107.500 0.000 0.000
5 1 39 0.900 104.700 0.000 0.000
5 1 40 0.360 109.400 0.000 0.000
5 1 41 0.920 110.000 108.900 108.700
5 1 43 0.800 107.500 0.000 0.000
5 1 46 0.760 109.000 0.000 0.000
5 1 50 0.550 109.500 109.310 110.400
5 1 56 0.590 110.100 109.310 110.700
5 1 57 0.490 109.500 109.310 110.400
5 1 70 1.010 101.000 100.700 102.800
5 1 71 0.590 109.000 106.200 106.700
5 1 109 0.835 108.500 0.000 0.000
5 1 110 0.900 105.500 0.000 0.000
5 1 111 0.950 104.500 0.000 0.000
5 1 145 0.925 106.500 106.500 106.500
5 1 146 0.900 107.000 107.000 107.000
5 1 150 0.850 109.380 109.380 109.080
5 1 153 0.520 109.600 0.000 0.000
5 1 159 0.920 108.700 108.700 108.700
6 1 6 0.540 103.100 104.200 107.000
6 1 12 0.670 108.500 0.000 0.000
6 1 22 0.830 107.500 0.000 0.000
6 1 50 0.700 107.000 0.000 0.000
6 1 71 1.200 104.100 0.000 0.000
8 1 8 1.045 110.740 0.000 0.000
8 1 22 0.600 109.500 0.000 0.000
8 1 39 1.045 110.740 0.000 0.000
9 1 15 0.580 107.000 108.000 114.800
9 1 36 0.760 111.000 0.000 0.000
11 1 11 1.950 106.100 108.000 108.600
11 1 12 0.750 110.400 0.000 0.000
11 1 13 0.720 109.400 0.000 0.000
12 1 12 0.760 111.700 0.000 0.000
12 1 13 0.720 110.700 0.000 0.000
13 1 13 0.690 109.700 0.000 0.000
14 1 14 0.695 104.800 0.000 0.000
15 1 15 0.420 110.000 0.000 0.000
19 1 19 0.350 109.500 119.500 117.000
22 1 22 0.480 112.600 114.000 0.000
22 1 37 0.380 110.200 0.000 0.000
22 1 43 0.380 110.200 0.000 0.000
36 1 36 0.550 107.600 107.800 109.470
37 1 37 0.950 109.000 0.000 0.000
46 1 46 0.640 109.500 0.000 0.000
50 1 50 0.450 113.200 115.500 113.000
57 1 57 0.450 113.200 115.500 113.000
1 2 1 0.540 117.000 0.000 0.000
1 2 2 0.470 122.300 0.000 0.000
1 2 3 0.500 117.000 0.000 0.000
1 2 4 0.470 116.600 0.000 0.000
1 2 5 0.490 117.500 0.000 0.000
1 2 6 0.500 120.000 0.000 0.000
1 2 19 0.400 120.000 0.000 0.000
1 2 36 0.490 117.500 0.000 0.000
1 2 37 0.720 115.100 121.300 0.000
1 2 40 0.450 120.000 0.000 0.000
1 2 41 0.500 120.000 0.000 0.000
1 2 42 0.700 120.000 0.000 0.000
1 2 72 0.720 123.000 0.000 0.000
1 2 106 0.470 117.400 118.700 0.000
2 2 2 0.760 122.000 121.700 0.000
2 2 3 0.500 115.500 116.700 0.000
2 2 5 0.490 120.000 120.500 0.000
2 2 6 0.600 121.900 0.000 0.000
2 2 8 0.600 122.000 125.000 0.000
2 2 9 0.500 118.000 0.000 0.000
2 2 11 0.810 115.500 119.000 0.000
2 2 12 0.650 118.800 0.000 0.000
2 2 13 0.450 118.100 0.000 0.000
2 2 14 0.410 118.800 0.000 0.000
2 2 18 1.000 116.000 0.000 0.000
2 2 19 0.320 122.000 122.000 0.000
2 2 22 0.470 127.800 0.000 0.000
2 2 25 0.380 120.000 0.000 0.000
2 2 26 0.705 121.457 0.000 0.000
2 2 36 0.490 120.000 120.500 0.000
2 2 37 0.970 121.000 121.000 0.000
2 2 40 0.660 119.000 119.000 0.000
2 2 41 1.050 119.500 120.800 0.000
2 2 42 0.580 117.000 126.000 0.000
2 2 43 1.350 124.200 0.000 0.000
2 2 46 1.000 115.200 0.000 0.000
2 2 57 0.760 121.000 0.000 0.000
2 2 111 0.750 118.000 0.000 0.000
2 2 143 0.700 119.700 0.000 0.000
2 2 144 0.630 120.000 0.000 0.000
3 2 5 0.500 117.000 0.000 0.000
3 2 40 0.500 120.000 0.000 0.000
4 2 5 0.300 119.500 0.000 0.000
5 2 5 0.450 119.000 0.000 0.000
5 2 6 0.540 116.400 0.000 0.000
5 2 8 0.540 117.000 0.000 0.000
5 2 9 0.300 109.000 0.000 0.000
5 2 11 0.710 113.000 0.000 0.000
5 2 12 0.550 112.600 0.000 0.000
5 2 13 0.560 112.100 0.000 0.000
5 2 14 0.450 112.600 0.000 0.000
5 2 18 0.780 106.000 0.000 0.000
5 2 19 0.525 119.500 0.000 0.000
5 2 22 0.490 120.000 0.000 0.000
5 2 36 0.450 119.000 0.000 0.000
5 2 37 0.530 119.000 121.500 0.000
5 2 38 0.360 120.000 0.000 0.000
5 2 40 0.500 110.000 0.000 0.000
5 2 41 0.800 108.000 0.000 0.000
5 2 42 0.400 120.100 0.000 0.000
5 2 43 0.360 116.500 0.000 0.000
5 2 46 0.434 116.000 0.000 0.000
5 2 50 0.490 120.000 120.500 0.000
5 2 57 0.490 120.000 120.500 0.000
5 2 72 0.800 121.700 121.700 0.000
5 2 106 0.370 114.000 121.500 0.000
5 2 110 0.720 118.100 0.000 0.000
5 2 111 0.550 110.500 0.000 0.000
5 2 143 0.400 116.500 0.000 0.000
8 2 8 0.850 118.500 0.000 0.000
8 2 22 0.600 119.000 0.000 0.000
9 2 9 0.400 120.000 0.000 0.000
11 2 106 0.950 120.200 120.200 0.000
12 2 12 1.570 119.200 0.000 0.000
12 2 13 1.570 110.700 0.000 0.000
12 2 41 0.500 105.000 0.000 0.000
12 2 106 0.570 119.800 114.200 0.000
13 2 41 0.500 104.000 0.000 0.000
13 2 106 0.530 111.200 0.000 0.000
14 2 41 0.500 107.000 0.000 0.000
19 2 19 0.400 120.000 0.000 0.000
36 2 36 0.450 119.000 0.000 0.000
37 2 37 1.200 120.000 122.000 0.000
37 2 40 0.400 126.000 126.000 0.000
42 2 42 0.580 117.000 0.000 0.000
1 3 1 1.250 116.800 116.800 116.800
1 3 2 0.500 116.000 0.000 0.000
1 3 3 1.000 114.600 0.000 0.000
1 3 5 0.464 116.100 117.300 0.000
1 3 7 0.850 123.500 123.500 0.000
1 3 9 0.570 114.400 0.000 0.000
1 3 11 1.950 109.000 0.000 0.000
1 3 12 1.450 110.200 0.000 0.000
1 3 13 1.180 109.300 0.000 0.000
1 3 14 0.970 108.890 0.000 0.000
1 3 47 0.850 125.100 0.000 0.000
1 3 75 1.550 110.300 0.000 0.000
1 3 76 0.720 122.100 0.000 0.000
1 3 80 0.320 121.600 0.000 0.000
1 3 82 0.600 123.000 0.000 0.000
1 3 148 2.000 109.000 0.000 0.000
2 3 2 0.850 114.700 0.000 0.000
2 3 3 0.800 120.000 0.000 0.000
2 3 5 0.300 111.500 0.000 0.000
2 3 6 0.700 124.300 0.000 0.000
2 3 7 1.300 122.000 123.500 0.000
2 3 75 0.700 124.300 0.000 0.000
2 3 76 1.300 123.400 0.000 0.000
2 3 102 0.800 126.500 0.000 0.000
2 3 151 0.695 120.000 0.000 0.000
3 3 5 0.680 112.400 0.000 0.000
3 3 36 0.680 110.600 0.000 0.000
3 3 76 0.750 119.200 0.000 0.000
3 3 101 0.710 121.600 0.000 0.000
5 3 5 0.650 115.500 0.000 0.000
5 3 6 0.550 107.000 0.000 0.000
5 3 7 0.850 119.200 119.200 0.000
5 3 9 0.440 109.300 0.000 0.000
5 3 11 1.340 104.000 0.000 0.000
5 3 12 1.220 105.150 0.000 0.000
5 3 13 1.120 108.800 0.000 0.000
5 3 47 0.850 119.200 0.000 0.000
5 3 56 0.560 120.000 0.000 0.000
5 3 75 0.550 107.000 0.000 0.000
5 3 76 0.640 118.900 0.000 0.000
5 3 80 0.320 110.000 0.000 0.000
5 3 82 0.800 117.200 0.000 0.000
5 3 148 1.000 101.000 0.000 0.000
6 3 7 1.700 121.500 122.500 0.000
7 3 9 1.070 124.800 0.000 0.000
7 3 22 0.460 122.500 0.000 0.000
7 3 56 0.850 122.500 0.000 0.000
9 3 9 0.900 112.500 0.000 0.000
11 3 80 1.750 120.000 0.000 0.000
12 3 80 1.240 120.500 119.500 0.000
13 3 80 0.850 120.270 119.070 0.000
14 3 80 0.500 117.400 0.000 0.000
36 3 76 0.640 120.500 0.000 0.000
47 3 47 0.800 134.000 0.000 0.000
75 3 77 1.700 121.500 122.500 0.000
75 3 78 1.700 121.500 122.500 0.000
82 3 148 2.000 119.000 0.000 0.000
102 3 149 1.300 121.000 0.000 0.000
103 3 103 1.300 180.000 0.000 0.000
1 4 4 0.380 180.000 0.000 0.000
1 4 10 0.335 180.000 0.000 0.000
2 4 2 0.400 180.000 0.000 0.000
2 4 4 0.470 180.000 0.000 0.000
4 4 124 0.250 180.000 0.000 0.000
10 4 50 0.128 180.000 0.000 0.000
1 6 1 0.820 110.000 0.000 0.000
1 6 2 0.770 108.500 0.000 0.000
1 6 3 1.250 112.800 0.000 0.000
1 6 6 1.058 103.300 0.000 0.000
1 6 19 0.630 117.100 0.000 0.000
1 6 21 0.750 106.800 0.000 0.000
1 6 25 0.770 116.000 0.000 0.000
1 6 56 0.690 108.900 0.000 0.000
1 6 153 1.380 119.600 0.000 0.000
2 6 21 0.360 109.000 0.000 0.000
2 6 25 0.800 118.000 0.000 0.000
2 6 73 0.350 108.000 0.000 0.000
3 6 3 0.770 106.800 0.000 0.000
3 6 24 0.690 107.700 0.000 0.000
3 6 56 1.250 110.800 0.000 0.000
6 6 21 0.852 99.500 0.000 0.000
19 6 19 0.250 142.900 0.000 0.000
19 6 21 0.510 117.500 0.000 0.000
21 6 21 0.630 105.000 0.000 0.000
21 6 26 0.485 110.607 0.000 0.000
21 6 153 0.380 110.200 0.000 0.000
1 8 1 0.720 107.200 108.200 0.000
1 8 2 0.598 106.800 103.300 0.000
1 8 23 0.600 108.100 110.900 0.000
1 8 50 0.598 102.500 103.000 0.000
2 8 23 0.587 110.500 109.500 0.000
23 8 23 0.605 106.400 107.100 0.000
23 8 50 0.587 109.000 108.500 0.000
23 8 56 0.600 108.100 110.900 0.000
1 9 1 0.760 122.500 0.000 0.000
1 9 2 0.630 119.900 0.000 0.000
1 9 3 1.620 121.100 0.000 0.000
1 9 18 0.300 110.000 0.000 0.000
1 9 28 0.190 122.400 0.000 0.000
1 9 30 0.730 120.400 0.000 0.000
1 9 56 0.420 111.200 0.000 0.000
1 9 58 0.600 110.000 0.000 0.000
2 9 2 0.400 107.000 0.000 0.000
2 9 3 0.600 115.000 0.000 0.000
2 9 28 0.500 110.000 0.000 0.000
3 9 3 0.900 124.000 0.000 0.000
3 9 28 0.580 118.500 0.000 0.000
18 9 28 0.300 122.000 0.000 0.000
28 9 28 0.410 123.000 0.000 0.000
28 9 30 0.580 120.500 0.000 0.000
28 9 56 1.150 118.300 0.000 0.000
28 9 58 1.000 119.200 0.000 0.000
1 15 1 0.840 95.900 0.000 0.000
1 15 15 1.000 101.800 0.000 0.000
1 15 44 0.650 96.000 0.000 0.000
15 15 44 0.773 92.200 0.000 0.000
44 15 44 0.730 92.900 0.000 0.000
1 16 1 0.500 94.300 0.000 0.000
1 16 5 0.400 94.000 0.000 0.000
1 17 1 1.200 94.400 0.000 0.000
1 17 5 0.860 90.000 0.000 0.000
1 17 7 0.800 105.600 107.800 0.000
5 17 7 0.860 109.600 0.000 0.000
1 18 1 0.850 101.600 0.000 0.000
1 18 2 1.800 102.000 0.000 0.000
1 18 5 0.740 106.000 0.000 0.000
1 18 7 1.100 106.900 0.000 0.000
1 18 9 0.800 103.000 0.000 0.000
2 18 2 1.980 102.100 0.000 0.000
2 18 7 1.970 108.100 0.000 0.000
5 18 7 0.560 101.500 0.000 0.000
5 18 9 0.600 98.000 0.000 0.000
7 18 7 1.485 119.500 0.000 0.000
7 18 9 1.700 108.000 0.000 0.000
1 19 1 0.480 109.500 110.400 109.200
1 19 2 0.400 110.200 110.200 108.500
1 19 5 0.400 109.300 107.000 111.000
1 19 6 0.550 108.000 108.900 108.000
1 19 19 0.450 109.000 0.000 0.000
1 19 22 0.530 110.200 0.000 0.000
1 19 56 0.530 109.500 0.000 0.000
2 19 2 0.600 104.500 0.000 0.000
2 19 5 0.550 109.500 0.000 0.000
2 19 6 0.500 109.500 0.000 0.000
2 19 19 0.400 110.200 0.000 0.000
5 19 5 0.460 106.500 108.700 109.500
5 19 6 0.670 109.500 109.000 109.500
5 19 19 0.350 109.400 0.000 0.000
5 19 22 0.460 110.200 0.000 0.000
5 19 56 0.450 109.300 107.000 111.000
6 19 6 0.600 112.000 113.500 112.000
19 19 19 0.250 118.000 110.800 111.200
56 19 56 0.480 124.500 0.000 0.000
1 22 1 0.670 120.000 0.000 0.000
1 22 5 0.600 117.100 0.000 0.000
1 22 22 0.600 112.000 116.300 0.000
1 22 49 0.560 115.000 0.000 0.000
2 22 2 0.450 120.000 0.000 0.000
2 22 5 0.360 128.500 0.000 0.000
2 22 22 0.600 122.000 0.000 0.000
2 22 49 0.560 115.000 0.000 0.000
3 22 5 0.360 123.500 123.500 123.500
5 22 5 0.250 116.500 0.000 0.000
5 22 19 0.240 124.500 0.000 0.000
5 22 22 0.650 116.800 114.200 0.000
5 22 38 0.360 124.500 119.700 0.000
5 22 46 0.050 112.500 0.000 0.000
5 22 49 0.430 113.000 0.000 0.000
5 22 56 0.360 113.000 0.000 0.000
5 22 67 0.360 117.400 0.000 0.000
19 22 22 0.530 118.000 0.000 0.000
22 22 22 0.360 119.500 112.500 0.000
22 22 46 1.200 114.600 114.600 0.000
1 25 1 0.770 95.600 98.100 0.000
1 25 2 0.480 92.500 0.000 0.000
1 25 5 0.705 94.700 96.400 0.000
2 25 2 0.480 95.000 0.000 0.000
5 25 5 0.680 92.200 93.500 0.000
6 25 6 0.450 99.500 0.000 0.000
1 26 6 0.456 122.371 0.000 0.000
2 26 6 0.604 126.986 0.000 0.000
6 26 6 0.730 119.860 0.000 0.000
1 29 1 0.500 119.000 0.000 0.000
1 29 5 0.420 118.000 0.000 0.000
5 29 5 0.420 117.000 120.000 0.000
9 30 9 0.400 120.000 0.000 0.000
1 31 1 0.500 110.500 109.800 110.900
1 31 5 0.390 110.200 110.500 111.500
5 31 5 0.423 107.500 108.500 109.500
1 32 1 0.320 107.000 0.000 0.000
1 32 5 0.227 110.500 0.000 0.000
5 32 5 0.132 109.500 0.000 0.000
1 33 1 0.100 109.500 0.000 0.000
1 33 5 0.100 109.500 0.000 0.000
1 33 33 0.100 109.500 0.000 0.000
5 33 5 0.100 109.500 0.000 0.000
1 34 1 0.650 94.800 0.000 0.000
1 34 5 0.430 94.500 0.000 0.000
1 35 1 0.650 95.050 0.000 0.000
1 35 5 0.430 94.600 0.000 0.000
1 37 2 0.720 109.000 0.000 0.000
1 37 37 0.690 106.500 0.000 0.000
1 37 43 0.570 99.100 0.000 0.000
2 37 2 1.200 112.600 0.000 0.000
2 37 23 0.670 109.800 0.000 0.000
2 37 37 1.300 107.500 0.000 0.000
2 37 40 0.430 115.000 0.000 0.000
23 37 37 0.900 106.400 0.000 0.000
1 38 22 0.450 117.200 0.000 0.000
2 38 22 0.550 137.000 0.000 0.000
5 38 22 0.360 146.000 0.000 0.000
5 38 38 0.360 146.000 0.000 0.000
1 39 1 0.719 107.114 110.000 112.000
1 39 48 0.521 105.949 107.425 108.524
1 39 69 0.885 109.700 0.000 0.000
48 39 48 0.609 106.367 106.966 108.563
1 40 2 0.490 120.500 0.000 0.000
2 40 2 0.430 124.000 124.000 0.000
2 40 23 0.490 118.500 0.000 0.000
2 40 37 0.430 124.000 124.000 0.000
23 40 37 0.490 116.000 0.000 0.000
1 41 2 1.000 109.100 0.000 0.000
2 41 2 0.950 112.000 0.000 0.000
2 41 73 0.850 107.000 0.000 0.000
2 42 2 0.680 98.500 0.000 0.000
2 42 44 0.750 94.000 0.000 0.000
1 43 7 0.570 120.400 0.000 0.000
1 43 37 0.380 114.000 0.000 0.000
1 43 69 0.920 117.000 0.000 0.000
1 43 109 0.970 118.000 0.000 0.000
2 43 2 1.250 117.300 0.000 0.000
2 43 69 1.730 117.000 0.000 0.000
7 43 37 0.380 125.000 0.000 0.000
23 43 69 0.780 108.000 0.000 0.000
23 43 109 0.915 106.000 0.000 0.000
69 43 109 1.820 124.200 0.000 0.000
1 46 7 1.000 115.900 0.000 0.000
2 46 7 1.420 116.100 0.000 0.000
7 46 7 1.000 127.700 0.000 0.000
7 46 22 1.020 114.500 0.000 0.000
1 50 50 0.470 122.300 0.000 0.000
2 50 50 0.760 121.700 0.000 0.000
4 50 50 0.430 121.200 123.300 0.000
5 50 50 0.490 120.000 120.500 0.000
8 50 50 0.600 123.000 0.000 0.000
1 56 1 0.670 109.500 109.900 111.000
1 56 5 0.590 110.100 109.310 110.700
1 56 6 0.770 109.300 107.600 108.400
1 56 9 1.030 110.700 0.000 0.000
1 56 22 0.670 0.000 111.200 0.000
1 56 56 0.670 109.500 113.000 0.000
1 56 58 0.500 110.300 0.000 0.000
1 56 75 0.770 109.300 107.600 108.400
3 56 5 0.540 109.490 109.490 109.490
3 56 56 0.650 109.500 0.000 0.000
5 56 5 0.550 107.600 107.800 109.470
5 56 6 0.450 108.700 108.700 108.700
5 56 8 0.820 109.300 0.000 0.000
5 56 9 0.760 111.000 0.000 0.000
5 56 15 0.740 111.500 111.500 0.000
5 56 19 0.680 110.000 110.000 0.000
5 56 22 0.360 112.000 112.000 0.000
5 56 56 0.590 110.100 109.310 0.000
5 56 57 0.490 110.000 109.810 110.900
5 56 58 0.630 110.490 0.000 0.000
5 56 75 0.450 108.700 0.000 0.000
6 56 9 0.560 110.500 0.000 0.000
6 56 56 1.080 109.100 0.000 0.000
8 56 56 0.780 109.470 108.000 111.000
19 56 56 0.480 111.000 0.000 0.000
56 56 56 0.670 109.500 109.700 111.000
57 56 57 0.540 113.200 108.000 113.000
1 57 56 0.540 115.200 0.000 0.000
1 57 57 0.470 122.300 0.000 0.000
2 57 56 0.760 127.800 0.000 0.000
2 57 57 0.760 127.200 0.000 0.000
5 57 56 0.490 117.500 0.000 0.000
5 57 57 0.490 120.000 120.500 0.000
57 57 57 0.760 121.700 0.000 0.000
6 58 7 1.000 126.000 0.000 0.000
7 58 56 0.550 135.100 0.000 0.000
9 58 79 1.050 125.800 0.000 0.000
56 58 79 0.650 125.000 0.000 0.000
75 58 78 1.000 126.000 0.000 0.000
7 67 22 0.460 143.600 0.000 0.000
1 70 71 0.730 113.900 0.000 0.000
1 71 1 0.320 107.700 0.000 0.000
1 71 5 0.080 116.900 0.000 0.000
1 71 70 1.090 113.500 120.100 0.000
5 71 5 0.400 124.500 0.000 0.000
5 71 70 0.220 111.700 120.100 0.000
1 72 2 0.720 109.600 0.000 0.000
1 75 3 1.250 112.800 0.000 0.000
3 75 3 0.770 106.800 0.000 0.000
3 75 24 0.690 107.700 0.000 0.000
3 75 56 1.250 110.800 0.000 0.000
21 75 21 1.250 105.900 0.000 0.000
2 106 7 0.700 180.000 0.000 0.000
23 107 107 0.900 106.200 0.000 0.000
1 109 43 1.200 105.200 0.000 0.000
23 109 43 1.150 101.500 0.000 0.000
1 110 1 0.900 117.500 0.000 0.000
1 110 2 0.450 124.000 0.000 0.000
1 110 23 0.750 116.700 0.000 0.000
2 110 23 0.450 119.400 0.000 0.000
1 111 2 0.800 119.000 0.000 0.000
2 111 2 0.900 120.000 0.000 0.000
2 111 23 0.750 109.800 0.000 0.000
5 113 113 0.400 126.000 0.000 0.000
1 114 114 0.470 126.000 0.000 0.000
2 143 2 1.250 119.100 0.000 0.000
2 143 69 1.730 121.700 0.000 0.000
2 143 144 1.150 114.000 0.000 0.000
69 143 144 1.880 136.000 0.000 0.000
2 144 143 0.800 102.000 0.000 0.000
1 145 146 1.100 107.500 0.000 0.000
21 145 146 0.925 104.000 0.000 0.000
1 146 1 0.460 98.500 0.000 0.000
1 146 23 0.700 104.500 0.000 0.000
1 146 145 1.275 102.500 104.500 0.000
23 146 23 0.780 103.000 0.000 0.000
23 146 145 0.725 101.500 103.500 0.000
3 148 3 0.830 110.000 0.000 0.000
1 150 1 1.100 106.980 0.000 0.000
1 150 23 0.700 102.350 0.000 0.000
1 150 150 0.800 102.470 103.660 0.000
23 150 23 0.650 102.900 0.000 0.000
23 150 150 0.870 104.580 105.850 0.000
1 153 1 0.400 109.200 0.000 0.000
1 153 5 0.500 105.500 0.000 0.000
1 153 6 0.360 107.200 0.000 0.000
1 153 7 0.800 117.500 0.000 0.000
1 153 159 0.550 104.700 0.000 0.000
5 153 5 0.420 104.500 0.000 0.000
5 153 6 0.640 101.200 103.000 0.000
5 153 7 0.830 116.700 116.400 119.300
5 153 159 0.700 102.000 0.000 0.000
6 153 6 1.100 102.900 103.600 0.000
6 153 7 0.940 117.200 116.300 118.300
7 153 159 1.180 116.200 115.400 116.800
159 153 159 0.900 103.500 103.800 0.000
1 154 7 0.747 108.728 0.000 0.000
1 154 155 0.580 102.092 0.000 0.000
5 154 7 0.734 107.614 0.000 0.000
5 154 155 0.914 100.776 0.000 0.000
7 154 7 0.660 122.966 123.785 0.000
7 154 155 1.662 107.883 108.139 0.000
1 155 1 1.296 111.163 0.000 0.000
1 155 23 0.567 109.505 0.000 0.000
1 155 154 1.190 109.551 112.917 0.000
23 155 23 0.608 109.688 0.000 0.000
23 155 154 0.579 103.248 107.707 0.000
1 159 153 0.900 118.800 0.000 0.000
21 159 153 0.380 112.000 0.000 0.000
