1 0.240 0.300 0.000
2 0.240 0.300 0.000
3 0.240 0.300 0.000
8 0.240 0.300 0.000
9 0.240 0.300 0.000
17 0.240 0.300 0.000
18 0.240 0.300 0.000
19 0.240 0.300 0.000
22 0.240 0.300 0.000
25 0.240 0.300 0.000
26 0.240 0.300 0.000
27 0.240 0.300 0.000
29 0.240 0.300 0.000
30 0.240 0.300 0.000
33 0.240 0.300 0.000
38 0.240 0.300 0.000
39 0.240 0.300 0.000
40 0.240 0.300 0.000
46 0.240 0.300 0.000
50 0.240 0.300 0.000
56 0.240 0.300 0.000
57 0.240 0.300 0.000
58 0.240 0.300 0.000
60 0.240 0.300 0.000
62 0.240 0.300 0.000
64 0.240 0.300 0.000
66 0.240 0.300 0.000
67 0.240 0.300 0.000
113 0.240 0.300 0.000
114 0.240 0.300 0.000
146 0.240 0.300 0.000
150 0.240 0.300 0.000
151 0.240 0.300 0.000
153 0.240 0.300 0.000
154 0.240 0.300 0.000
155 0.240 0.300 0.000
159 0.240 0.300 0.000
160 0.240 0.300 0.000
161 0.240 0.300 0.000
162 0.240 0.300 0.000
