1 2 0.9000 0.500
1 3 1.0100 0.500
1 4 1.6400 0.500
1 6 1.1700 0.500
1 8 0.6800 0.500
1 9 1.6500 0.500
1 11 1.8200 0.500
1 12 2.0900 0.500
1 13 1.7900 0.500
1 14 1.7400 0.500
1 15 1.2000 0.500
1 16 1.2000 0.500
1 17 0.6000 0.500
1 18 1.2000 0.500
1 19 -0.7000 0.500
1 22 0.1500 0.500
1 25 0.9500 0.500
1 26 -0.6000 0.500
1 31 -0.6350 0.500
1 32 -0.6000 0.500
1 33 -0.5000 0.500
1 34 -1.1000 0.500
1 35 -1.0000 0.500
1 37 1.4000 0.500
1 38 0.3000 0.500
1 39 -0.5265 0.500
1 40 1.6400 0.500
1 41 1.5000 0.500
1 43 1.3000 0.500
1 46 1.3300 0.500
1 50 0.9000 0.500
1 57 0.9000 0.500
1 70 1.6200 0.500
1 71 -1.4000 0.500
1 72 1.4000 0.500
1 75 1.7700 0.500
1 109 1.9000 0.500
1 110 1.3570 0.500
1 111 1.2900 0.500
1 145 1.9000 0.500
1 146 2.0300 0.500
1 150 1.0000 0.500
1 153 0.6700 0.500
1 154 1.1189 0.500
1 155 -0.1757 0.500
2 3 0.5000 0.500
2 4 0.3000 0.500
2 5 -0.6000 0.500
2 6 0.0010 0.500
2 8 -0.6300 0.500
2 9 1.3000 0.500
2 11 0.9000 0.500
2 12 0.7200 0.500
2 13 1.5600 0.500
2 14 1.4000 0.500
2 18 0.9000 0.500
2 19 -1.2000 0.500
2 22 -0.1500 0.500
2 25 1.0400 0.500
2 26 -0.6000 0.500
2 36 -0.6000 0.500
2 37 1.2900 0.500
2 39 0.5830 0.500
2 40 0.8700 0.500
2 41 0.5500 0.500
2 42 0.9000 0.500
2 43 1.8000 0.500
2 46 0.9000 0.500
2 72 1.3000 0.500
2 106 0.3000 0.500
2 110 2.3100 0.500
2 111 1.0000 0.500
2 143 2.8000 0.500
2 144 1.2900 0.500
3 5 -0.6000 0.500
3 6 0.1200 0.500
3 7 1.8600 0.500
3 9 -0.7200 0.500
3 11 1.4800 0.500
3 12 1.5800 0.500
3 13 1.5600 0.500
3 14 1.4000 0.500
3 22 0.3000 0.500
3 36 -0.6000 0.500
3 47 1.9000 0.500
3 56 -1.0100 0.500
3 57 0.5000 0.500
3 75 0.1200 0.500
3 76 1.2750 0.500
3 77 1.8600 0.500
3 78 1.8600 0.500
3 80 1.8600 0.500
3 81 1.0750 0.500
3 82 1.5000 0.500
3 101 1.0750 0.500
3 102 1.5000 0.500
3 120 0.8000 0.500
3 148 0.4000 0.500
4 10 2.5000 0.500
4 57 0.3000 0.500
4 124 -0.9200 0.500
5 17 0.4000 0.500
5 25 0.5200 0.500
5 34 0.7000 0.500
5 35 0.8000 0.500
5 50 0.6000 0.500
5 57 0.6000 0.500
5 71 0.9600 0.500
5 153 0.2200 0.500
6 19 -0.3800 0.500
6 21 -1.6700 0.500
6 24 -1.0100 0.500
6 25 0.9700 0.500
6 26 -1.5000 0.500
6 56 -1.1700 0.500
6 57 0.0010 0.500
6 73 -0.7000 0.500
6 153 -1.6500 0.500
7 17 -3.5500 0.500
7 18 -2.9300 0.500
7 43 -2.6000 0.500
7 46 -2.5300 0.500
7 58 -1.8600 0.500
7 67 -1.8600 0.500
7 106 -0.6500 0.500
7 153 -3.4000 0.500
7 154 -2.9589 0.500
8 23 -1.3400 0.500
8 50 0.6300 0.500
8 56 -0.6800 0.500
9 18 0.8000 0.500
9 28 -1.5800 0.500
9 30 -0.7200 0.500
15 44 -0.9000 0.500
19 22 0.8900 0.500
19 56 0.8500 0.500
21 145 1.7000 0.500
22 46 1.7000 0.500
22 56 0.1500 0.500
23 37 1.2000 0.500
23 40 1.4600 0.500
23 43 1.2000 0.500
23 72 1.4000 0.500
23 107 1.2000 0.500
23 109 1.2000 0.500
23 110 0.8680 0.500
23 111 0.2000 0.500
23 146 1.6900 0.500
23 150 1.2800 0.500
23 155 1.4571 0.500
24 75 1.3100 0.500
37 40 0.3000 0.500
39 40 0.3000 0.500
39 48 -1.9219 0.500
39 69 3.1000 0.500
41 73 -1.4000 0.500
42 44 -0.1500 0.500
43 69 2.8000 0.500
58 78 1.8600 0.500
58 79 1.4100 0.500
69 143 -4.8000 0.500
70 71 -2.9200 0.500
145 146 -0.2800 0.500
154 155 -1.7153 0.500
1 159 1.7500 0.500
21 159 1.5700 0.500
153 159 0.5800 0.500
