2 21 2.650 0.550
2 23 3.000 0.100
2 28 2.620 0.860
2 44 2.830 0.200
2 73 3.000 0.750
2 124 2.960 0.250
4 21 2.600 0.510
4 23 2.870 0.260
4 28 2.540 0.930
4 124 2.820 0.340
6 21 2.110 3.000
6 23 2.380 1.300
6 24 2.140 3.300
6 28 2.030 5.140
6 44 2.680 0.150
6 48 1.720 13.800
6 73 2.250 3.150
6 124 2.300 1.700
7 21 2.070 2.550
7 23 2.390 1.100
7 24 2.050 3.000
7 28 2.070 4.440
7 48 2.000 6.000
7 73 2.030 5.100
7 124 2.330 1.390
8 21 2.150 4.700
8 23 2.400 2.280
8 24 2.220 2.100
8 28 2.130 7.780
8 48 1.660 23.850
8 73 2.220 1.500
8 124 2.300 3.530
11 21 2.050 0.450
11 23 2.050 0.300
11 24 2.050 0.900
11 28 2.050 0.600
11 73 2.050 0.600
12 21 2.800 1.100
12 23 3.140 0.440
12 24 2.430 0.900
12 28 2.770 1.820
12 73 2.430 0.600
12 124 3.090 0.670
13 21 2.580 1.200
13 23 2.580 0.300
13 24 2.580 0.900
13 28 2.580 0.600
13 73 2.580 0.600
14 21 2.720 0.900
14 23 2.720 0.600
14 24 2.720 0.600
14 28 2.720 0.300
14 73 2.720 0.300
15 21 2.680 1.350
15 23 2.510 0.300
15 24 2.510 0.600
15 28 2.510 0.300
15 44 2.940 0.700
15 73 2.510 0.300
17 21 2.550 0.600
17 23 2.550 0.150
17 24 2.550 0.300
17 28 2.550 0.300
17 73 2.550 0.300
21 22 2.400 1.060
21 37 1.740 3.720
21 47 2.070 5.000
21 50 2.650 0.550
21 79 1.950 3.460
22 23 2.690 0.427
22 28 2.370 1.756
22 124 2.630 0.658
23 37 2.250 0.675
23 47 2.310 2.430
23 50 3.000 0.100
23 79 2.190 1.590
23 150 2.400 2.280
24 37 2.220 2.100
24 75 2.140 1.450
24 77 1.830 4.950
28 37 2.220 1.500
28 47 2.050 8.280
28 50 3.000 0.750
28 79 1.960 5.240
37 73 2.220 1.500
44 50 2.830 0.200
47 48 2.000 5.100
47 124 2.210 3.760
50 73 3.000 0.750
79 124 2.110 2.280