1 1 4.4900 1.5247
1 2 6.3000 1.4990
1 3 4.8000 1.5090
1 4 5.5000 1.4700
1 5 4.7400 1.1120
1 6 5.7000 1.4130
1 8 5.3000 1.4480
1 9 5.2100 1.4460
1 11 5.9000 1.3900
1 12 3.1000 1.7910
1 13 2.3000 1.9440
1 14 2.1500 2.1660
1 15 3.0000 1.8050
1 16 3.2130 1.8160
1 17 2.9500 1.8000
1 18 3.1000 1.7720
1 19 3.0500 1.8760
1 22 5.0000 1.5110
1 25 2.9400 1.8430
1 26 4.5014 1.5769
1 29 5.2000 1.4990
1 31 2.7200 1.9510
1 32 2.1240 2.1470
1 33 1.9000 2.2420
1 34 2.6800 1.9480
1 35 2.7000 2.1400
1 36 4.7400 1.1070
1 37 5.0000 1.4340
1 38 4.4000 1.4970
1 39 4.2741 1.5031
1 40 4.2300 1.4900
1 41 5.4000 1.4200
1 43 5.2000 1.4830
1 46 5.5000 1.4950
1 50 6.3000 1.4990
1 56 4.4900 1.5247
1 57 6.3000 1.4990
1 70 7.4000 1.4890
1 71 4.8000 1.5030
1 72 5.0000 1.4390
1 75 5.7000 1.4130
1 109 4.4800 1.4530
1 110 6.4200 1.4700
1 111 5.5000 1.4750
1 114 6.3000 1.5120
1 145 5.8500 1.3680
1 146 4.8000 1.4140
1 150 3.8000 1.4429
1 153 3.3000 1.8050
1 154 3.1040 1.7759
1 155 4.4543 1.4540
1 159 4.4000 1.4240
2 2 7.5000 1.3320
2 3 8.5000 1.3540
2 4 11.2000 1.3120
2 5 5.1500 1.1010
2 6 6.0000 1.3536
2 8 6.3200 1.3690
2 9 5.9600 1.4100
2 11 5.5000 1.3535
2 12 2.8000 1.7270
2 13 2.5000 1.8900
2 14 2.4800 2.0750
2 18 2.8000 1.7720
2 19 3.0000 1.8540
2 22 5.7000 1.4600
2 25 2.9100 1.8280
2 26 3.4602 1.5500
2 36 5.1500 1.0960
2 37 9.0000 1.2710
2 38 9.6000 1.3360
2 39 11.0900 1.2600
2 40 11.0900 1.2660
2 41 12.2000 1.2180
2 42 7.1710 1.5370
2 43 4.0000 1.2050
2 46 5.0500 1.4730
2 50 5.2800 1.4340
2 56 6.3000 1.4990
2 57 7.5000 1.3330
2 72 9.0000 1.2700
2 106 11.9000 1.3108
2 110 10.0000 1.2800
2 111 8.3000 1.2739
2 143 3.8000 0.8270
2 144 5.2000 1.3950
3 3 11.2500 1.2170
3 5 4.3700 1.1180
3 6 6.0000 1.3538
3 7 10.1000 1.2080
3 9 6.7000 1.3770
3 11 4.2000 1.3810
3 12 2.8800 1.8160
3 13 2.8000 1.9900
3 14 2.6000 2.2280
3 22 4.4000 1.4470
3 36 4.3700 1.1130
3 47 7.5700 1.2500
3 56 4.8000 1.5090
3 57 9.6000 1.3510
3 75 6.0000 1.3538
3 76 10.8000 1.2090
3 77 9.8000 1.2140
3 78 9.8000 1.2140
3 80 11.6500 1.2040
3 81 9.6400 1.2080
3 82 10.6000 1.1980
3 101 9.0000 1.2130
3 102 9.6000 1.2040
3 120 10.8000 1.2090
3 148 4.3000 1.4050
4 4 15.2500 1.2100
4 10 17.3300 1.1580
4 57 11.2000 1.3120
4 124 5.9700 1.0800
5 16 3.8000 1.3460
5 17 3.1700 1.3720
5 18 3.8000 1.3460
5 19 2.6500 1.4830
5 22 5.0800 1.0860
5 25 3.0650 1.4200
5 29 5.2200 1.1010
5 31 2.5500 1.5290
5 32 2.2290 1.6960
5 33 1.8940 1.7750
5 34 3.1700 1.4720
5 35 2.8500 1.6700
5 38 4.6000 1.0720
5 50 5.1500 1.1010
5 56 4.7400 1.1120
5 57 5.1500 1.1010
5 71 5.1000 1.0920
5 113 5.1500 1.1010
5 153 3.2800 1.3980
5 154 3.7259 1.3512
6 6 3.9500 1.4480
6 19 5.0500 1.6360
6 21 7.6300 0.9470
6 24 7.1500 0.9717
6 25 2.9000 1.6150
6 26 4.6192 1.3619
6 56 2.8000 1.4150
6 57 6.0000 1.3550
6 73 7.2000 0.9720
6 153 5.3000 1.5990
7 17 7.1000 1.4870
7 18 9.4200 1.4420
7 43 10.8000 1.2680
7 46 7.5000 1.2225
7 58 10.1500 1.2020
7 67 11.4200 1.1960
7 106 10.5000 1.1650
7 153 8.9000 1.4870
7 154 8.6767 1.4625
8 23 6.4200 1.0150
8 50 6.3200 1.3780
8 56 5.3000 1.4480
9 18 6.1000 1.6600
9 28 6.7700 1.0280
9 30 6.8300 1.3250
15 15 2.6200 2.0190
15 44 3.8700 1.3420
19 19 1.6500 2.3240
19 22 3.5000 1.8370
19 56 1.3000 1.8810
21 145 7.5000 0.9740
21 159 7.7800 0.9479
22 22 5.0000 1.4850
22 38 4.4000 1.4880
22 46 4.3500 1.4775
22 56 4.4000 1.5050
23 37 5.7000 1.0280
23 40 6.5000 1.0300
23 43 5.5200 1.0400
23 72 5.9700 1.0190
23 107 5.3500 1.0330
23 109 5.9500 1.0280
23 110 6.5200 1.0175
23 111 6.5200 1.0130
23 146 6.1500 1.0210
23 150 6.3600 1.0214
23 155 6.3778 1.0196
24 75 7.1500 0.9737
33 33 0.9800 2.8910
37 37 9.5000 1.2500
37 40 11.0000 1.2300
37 43 10.7200 1.2570
38 38 9.6000 1.3030
39 39 10.7200 1.2480
39 40 11.0000 1.2300
39 48 6.1402 1.0283
39 69 4.6000 1.3650
41 73 7.2000 0.9600
42 44 3.8900 1.3360
43 69 8.8000 1.2690
43 109 7.1000 1.2620
50 50 6.5600 1.3887
56 56 4.4900 1.5000
57 57 7.5000 1.3320
58 78 10.5000 1.1678
58 79 7.0000 1.2100
69 143 9.0000 1.2820
70 71 8.5000 1.2500
143 144 8.8000 1.2630
145 146 4.5000 1.4050
150 150 3.0000 1.5490
153 159 5.7000 1.6000
154 155 3.9438 1.6965
