1 0.130 0.080 0.000
2 0.130 0.080 0.000
3 0.130 0.080 0.000
4 0.130 0.080 0.000
6 0.100 0.090 0.000
8 0.050 0.030 0.000
9 0.050 0.030 0.000
15 -0.040 0.010 0.000
16 -0.040 0.010 0.000
17 -0.040 0.010 0.000
18 -0.040 0.010 0.000
19 0.100 0.060 0.000
22 0.130 0.080 0.000
25 0.100 0.060 0.000
29 0.130 0.080 0.000
30 0.130 0.080 0.000
31 0.450 0.000 0.000
34 0.450 0.000 0.000
37 0.050 0.030 0.000
38 0.130 0.080 0.000
39 0.050 0.030 0.000
40 0.100 0.030 0.000
41 0.500 0.090 0.000
42 0.280 0.010 0.000
43 0.050 0.030 0.000
44 -0.040 0.010 0.000
45 0.050 0.030 0.000
46 0.050 0.030 0.000
49 0.100 0.090 0.000
50 0.130 0.080 0.000
56 0.050 0.080 0.000
57 0.050 0.080 0.000
58 0.050 0.080 0.000
60 0.100 0.060 0.000
67 0.130 0.080 0.000
68 0.130 0.080 0.000
71 0.130 0.080 0.000
72 0.050 0.030 0.000
75 0.100 0.090 0.000
104 -0.040 0.010 0.000
105 -0.040 0.010 0.000
106 0.130 0.080 0.000
107 0.050 0.030 0.000
108 0.050 0.030 0.000
109 0.050 0.030 0.000
110 0.050 0.030 0.000
111 0.050 0.030 0.000
113 0.130 0.080 0.000
114 0.130 0.080 0.000
143 0.050 0.030 0.000
144 0.050 0.030 0.000
145 0.100 0.090 0.000
146 0.050 0.030 0.000
148 0.100 0.090 0.000
149 0.100 0.090 0.000
150 0.050 0.030 0.000
151 0.050 0.030 0.000
153 0.100 0.060 0.000
154 -0.040 0.010 0.000
155 0.050 0.030 0.000
159 0.100 0.100 0.000
160 0.130 0.080 0.000
161 0.130 0.080 0.000
162 0.130 0.080 0.000