1 1 0.000 0.000 0.059
1 2 0.000 0.000 0.270
1 3 0.000 0.000 0.100
1 6 0.000 0.000 0.100
1 8 0.000 0.000 0.061
1 15 0.000 0.000 0.170
1 19 0.000 0.000 0.036
1 25 0.000 0.000 0.104
1 56 0.000 0.000 0.059
1 57 0.000 0.000 0.270
1 150 0.000 0.000 0.050
2 19 0.000 0.000 0.087
6 6 0.000 0.000 0.220
6 8 0.000 0.000 0.053
6 22 0.000 0.000 0.053
6 56 0.000 0.000 0.140
6 153 0.000 0.000 0.500
8 22 0.000 0.000 0.053
8 56 0.000 0.000 0.061
15 15 0.000 0.000 0.220
19 19 0.000 0.000 0.012
19 22 0.000 0.000 0.036
19 36 0.000 0.000 0.012
22 22 0.000 0.000 0.053
56 56 0.000 0.000 0.059
145 146 0.000 0.000 0.600
150 150 -0.050 -2.700 -0.150
153 159 -0.050 -2.700 0.400
