2 1 0.100
2 2 0.200
2 3 0.050
2 4 0.050
2 5 0.110
2 6 0.150
2 8 0.100
2 9 0.100
2 11 0.200
2 12 0.400
2 13 0.100
2 18 0.100
2 19 0.100
2 22 0.100
2 25 0.500
2 26 0.105
2 36 0.110
2 37 0.250
2 38 0.100
2 40 0.050
2 41 0.150
2 42 0.500
2 43 0.050
2 46 0.300
2 56 0.110
2 57 0.200
2 68 0.050
2 72 1.500
2 110 0.800
2 111 0.250
3 1 0.590
3 2 0.800
3 3 1.000
3 4 0.800
3 5 1.180
3 6 1.700
3 7 0.650
3 9 1.500
3 11 1.600
3 12 1.350
3 13 1.050
3 14 1.300
3 22 0.800
3 36 1.180
3 47 0.800
3 56 0.590
3 75 1.700
3 76 1.200
3 80 1.100
3 101 1.300
3 148 2.500
3 149 2.500
9 1 0.010
9 2 0.050
9 3 0.050
9 4 0.050
9 6 0.050
9 7 0.050
9 8 0.050
9 9 0.050
9 28 0.020
9 30 0.050
9 56 0.010
9 58 0.050
26 1 0.116
26 2 0.107
26 6 0.113
29 1 0.130
29 5 0.210
30 1 0.050
30 5 0.050
30 9 0.150
37 1 0.150
37 2 0.150
37 23 0.150
37 37 0.150
37 40 0.150
37 43 0.150
38 2 0.050
38 5 0.050
38 22 0.050
38 38 0.050
40 1 0.050
40 2 0.700
40 23 0.050
40 37 0.150
43 1 1.200
43 2 0.050
43 7 0.050
43 23 0.050
43 37 0.450
43 69 0.050
43 109 0.550
46 1 1.500
46 2 1.800
46 7 1.800
46 22 0.200
50 1 0.100
50 5 0.110
50 50 0.200
57 1 0.110
57 2 0.200
57 5 0.110
57 56 0.110
57 57 0.200
58 6 0.800
58 7 0.850
58 9 0.350
58 56 0.700
58 75 0.800
58 78 0.850
58 79 1.450
67 7 0.650
67 22 0.800
71 1 2.250
71 5 1.180
71 70 1.550
110 2 0.250
110 23 0.050
111 2 0.950
111 23 0.150
143 2 0.950
143 69 0.655
143 144 0.655
