1 1 1 1 0.185 0.0 1 0.170 180.0 2 0.520 0.0 3
1 1 1 2 0.200 0.0 1 -0.200 180.0 2 1.300 0.0 3
1 1 1 3 0.000 0.0 1 0.400 180.0 2 0.010 0.0 3
1 1 1 4 0.200 0.0 1 -0.260 180.0 2 0.093 0.0 3
1 1 1 5 0.000 0.0 1 0.000 180.0 2 0.280 0.0 3
1 1 1 6 0.200 0.0 1 0.000 180.0 2 0.300 0.0 3
1 1 1 8 -0.302 0.0 1 0.696 180.0 2 0.499 0.0 3
1 1 1 9 0.450 0.0 1 0.000 180.0 2 0.500 0.0 3
1 1 1 11 0.200 0.0 1 0.000 180.0 2 0.300 0.0 3
1 1 1 12 -0.006 0.0 1 -0.463 180.0 2 1.145 0.0 3
1 1 1 13 0.000 0.0 1 -0.410 180.0 2 1.060 0.0 3
1 1 1 14 -1.309 0.0 1 0.440 180.0 2 0.597 0.0 3
1 1 1 15 0.000 0.0 1 0.200 180.0 2 0.400 0.0 3
1 1 1 16 0.000 0.0 1 0.000 180.0 2 0.483 0.0 3
1 1 1 17 1.500 0.0 1 -0.800 180.0 2 0.100 0.0 3
1 1 1 18 -1.500 0.0 1 0.000 180.0 2 -1.400 0.0 3
1 1 1 19 0.000 0.0 1 0.050 180.0 2 0.240 0.0 3
1 1 1 22 -0.600 0.0 1 -0.400 180.0 2 0.650 0.0 3
1 1 1 25 0.200 0.0 1 0.000 180.0 2 0.500 0.0 3
1 1 1 26 -1.237 0.0 1 0.781 180.0 2 0.201 0.0 3
1 1 1 29 0.500 0.0 1 -0.200 180.0 2 0.100 0.0 3
1 1 1 31 -0.200 0.0 1 0.000 180.0 2 0.112 0.0 3
1 1 1 32 -0.083 0.0 1 -0.083 180.0 2 0.050 0.0 3
1 1 1 33 0.000 0.0 1 -0.008 180.0 2 0.110 0.0 3
1 1 1 34 0.140 0.0 1 0.000 180.0 2 0.100 0.0 3
1 1 1 35 0.000 0.0 1 0.200 180.0 2 0.400 0.0 3
1 1 1 36 0.000 0.0 1 0.000 180.0 2 0.280 0.0 3
1 1 1 37 0.200 0.0 1 0.600 180.0 2 0.100 0.0 3
1 1 1 39 -1.168 0.0 1 0.082 180.0 2 0.992 0.0 3
1 1 1 41 0.000 0.0 1 0.000 180.0 2 0.700 0.0 3
1 1 1 43 -1.000 0.0 1 0.000 180.0 2 -1.400 0.0 3
1 1 1 46 0.000 0.0 1 0.000 180.0 2 0.800 0.0 3
1 1 1 50 0.225 0.0 1 0.410 180.0 2 0.436 0.0 3
1 1 1 56 0.185 0.0 1 0.170 180.0 2 0.495 0.0 3
1 1 1 57 0.185 0.0 1 0.170 180.0 2 0.495 0.0 3
1 1 1 70 -0.234 0.0 1 -0.385 180.0 2 0.994 0.0 3
1 1 1 71 0.050 0.0 1 0.370 180.0 2 0.000 0.0 3
1 1 1 109 -1.000 0.0 1 0.000 180.0 2 -1.200 0.0 3
1 1 1 110 -0.400 0.0 1 0.000 180.0 2 1.000 0.0 3
2 1 1 2 1.100 0.0 1 0.000 180.0 2 1.500 0.0 3
2 1 1 3 0.000 0.0 1 0.000 180.0 2 0.180 0.0 3
2 1 1 4 0.000 0.0 1 0.000 180.0 2 0.093 0.0 3
2 1 1 5 0.000 0.0 1 0.000 180.0 2 0.500 0.0 3
2 1 1 6 0.000 0.0 1 0.000 180.0 2 0.180 0.0 3
2 1 1 8 0.000 0.0 1 0.000 180.0 2 0.180 0.0 3
2 1 1 9 0.000 0.0 1 0.000 180.0 2 0.000 0.0 3
2 1 1 15 0.000 0.0 1 0.000 180.0 2 0.483 0.0 3
2 1 1 16 0.000 0.0 1 0.000 180.0 2 0.483 0.0 3
2 1 1 19 0.000 0.0 1 0.000 180.0 2 0.167 0.0 3
2 1 1 36 0.000 0.0 1 0.000 180.0 2 0.500 0.0 3
2 1 1 39 0.000 0.0 1 0.000 180.0 2 0.180 0.0 3
3 1 1 3 0.000 0.0 1 0.000 180.0 2 0.100 0.0 3
3 1 1 4 1.000 0.0 1 0.000 180.0 2 0.000 0.0 3
3 1 1 5 0.000 0.0 1 0.000 180.0 2 0.180 0.0 3
3 1 1 6 0.000 0.0 1 0.000 180.0 2 0.180 0.0 3
3 1 1 8 0.000 0.0 1 0.400 180.0 2 0.500 0.0 3
3 1 1 9 0.000 0.0 1 0.000 180.0 2 0.180 0.0 3
3 1 1 11 -1.000 0.0 1 0.000 180.0 2 0.200 0.0 3
3 1 1 12 -0.585 0.0 1 0.000 180.0 2 0.200 0.0 3
3 1 1 13 -0.465 0.0 1 0.000 180.0 2 0.200 0.0 3
3 1 1 15 0.000 0.0 1 0.000 180.0 2 0.483 0.0 3
3 1 1 16 0.000 0.0 1 0.000 180.0 2 0.483 0.0 3
3 1 1 25 0.000 0.0 1 0.000 180.0 2 0.400 0.0 3
3 1 1 36 0.000 0.0 1 0.000 180.0 2 0.180 0.0 3
3 1 1 39 0.000 0.0 1 0.400 180.0 2 0.500 0.0 3
4 1 1 4 1.000 0.0 1 0.000 180.0 2 0.093 0.0 3
4 1 1 5 0.000 0.0 1 0.000 180.0 2 0.560 0.0 3
4 1 1 6 0.000 0.0 1 -0.400 180.0 2 0.180 0.0 3
5 1 1 5 0.000 0.0 1 0.000 180.0 2 0.238 0.0 3
5 1 1 6 0.000 0.0 1 0.000 180.0 2 0.300 0.0 3
5 1 1 8 0.000 0.0 1 0.000 180.0 2 0.374 0.0 3
5 1 1 9 0.000 0.0 1 0.000 180.0 2 0.500 0.0 3
5 1 1 11 -0.460 0.0 1 1.190 180.0 2 0.327 0.0 3
5 1 1 12 0.000 0.0 1 0.000 180.0 2 0.520 0.0 3
5 1 1 13 0.000 0.0 1 0.000 180.0 2 0.385 0.0 3
5 1 1 14 0.000 0.0 1 0.000 180.0 2 0.333 0.0 3
5 1 1 15 0.000 0.0 1 0.000 180.0 2 0.540 0.0 3
5 1 1 16 0.000 0.0 1 0.000 180.0 2 0.483 0.0 3
5 1 1 17 0.000 0.0 1 0.000 180.0 2 0.125 0.0 3
5 1 1 18 0.000 0.0 1 0.000 180.0 2 0.650 0.0 3
5 1 1 19 0.000 0.0 1 0.000 180.0 2 0.220 0.0 3
5 1 1 22 0.000 0.0 1 0.000 180.0 2 0.167 0.0 3
5 1 1 25 0.000 0.0 1 0.000 180.0 2 0.305 0.0 3
5 1 1 26 0.000 0.0 1 0.000 180.0 2 0.050 0.0 3
5 1 1 29 0.000 0.0 1 0.000 180.0 2 0.200 0.0 3
5 1 1 31 0.000 0.0 1 0.000 180.0 2 0.185 0.0 3
5 1 1 32 0.000 0.0 1 0.000 180.0 2 -0.155 0.0 3
5 1 1 33 0.000 0.0 1 0.000 180.0 2 0.040 0.0 3
5 1 1 34 0.000 0.0 1 0.000 180.0 2 0.280 0.0 3
5 1 1 35 0.000 0.0 1 0.000 180.0 2 0.540 0.0 3
5 1 1 36 0.000 0.0 1 0.000 180.0 2 0.238 0.0 3
5 1 1 37 -1.000 0.0 1 -1.000 180.0 2 0.000 0.0 3
5 1 1 39 0.000 0.0 1 0.000 180.0 2 0.428 0.0 3
5 1 1 41 -1.200 0.0 1 -0.900 180.0 2 0.600 0.0 3
5 1 1 43 0.000 0.0 1 0.000 180.0 2 -0.600 0.0 3
5 1 1 46 0.000 0.0 1 0.000 180.0 2 0.300 0.0 3
5 1 1 50 0.000 0.0 1 0.000 180.0 2 0.500 0.0 3
5 1 1 56 0.000 0.0 1 0.000 180.0 2 0.280 0.0 3
5 1 1 57 0.000 0.0 1 0.000 180.0 2 0.280 0.0 3
5 1 1 70 0.000 0.0 1 0.000 180.0 2 0.535 0.0 3
5 1 1 71 0.000 0.0 1 0.000 180.0 2 0.306 0.0 3
5 1 1 109 0.000 0.0 1 0.000 180.0 2 -0.400 0.0 3
5 1 1 111 0.000 0.0 1 0.000 180.0 2 0.400 0.0 3
5 1 1 146 0.000 0.0 1 0.000 180.0 2 0.400 0.0 3
5 1 1 150 0.000 0.0 1 0.000 180.0 2 0.374 0.0 3
5 1 1 154 0.000 0.0 1 0.000 180.0 2 0.351 0.0 3
6 1 1 6 0.500 0.0 1 -2.000 180.0 2 1.900 0.0 3
6 1 1 8 0.000 0.0 1 -1.050 180.0 2 1.850 0.0 3
6 1 1 9 0.000 0.0 1 0.000 180.0 2 0.000 0.0 3
6 1 1 11 0.000 0.0 1 -1.400 180.0 2 0.180 0.0 3
6 1 1 12 0.000 0.0 1 0.200 180.0 2 0.180 0.0 3
6 1 1 13 0.000 0.0 1 -1.400 180.0 2 0.180 0.0 3
6 1 1 14 0.000 0.0 1 0.000 180.0 2 0.000 0.0 3
6 1 1 15 -0.700 0.0 1 0.800 180.0 2 -0.100 0.0 3
6 1 1 17 -0.800 0.0 1 -1.200 180.0 2 -0.700 0.0 3
6 1 1 18 -0.800 0.0 1 0.000 180.0 2 -0.300 0.0 3
6 1 1 22 0.000 0.0 1 0.000 180.0 2 0.270 0.0 3
6 1 1 39 0.000 0.0 1 -0.600 180.0 2 0.300 0.0 3
6 1 1 70 4.000 0.0 1 -3.000 180.0 2 1.200 0.0 3
6 1 1 71 1.000 0.0 1 -1.500 180.0 2 1.000 0.0 3
8 1 1 8 0.000 0.0 1 -0.900 180.0 2 1.700 0.0 3
8 1 1 9 1.170 0.0 1 -1.263 180.0 2 2.064 0.0 3
8 1 1 39 7.582 0.0 1 -4.588 180.0 2 1.600 0.0 3
9 1 1 9 0.000 0.0 1 0.000 180.0 2 -0.500 0.0 3
9 1 1 15 0.000 0.0 1 0.000 180.0 2 0.100 0.0 3
11 1 1 11 0.000 0.0 1 0.000 180.0 2 0.225 0.0 3
11 1 1 12 0.000 0.0 1 0.000 180.0 2 0.253 0.0 3
11 1 1 13 0.000 0.0 1 0.000 180.0 2 0.253 0.0 3
12 1 1 12 -0.240 0.0 1 0.620 180.0 2 0.540 0.0 3
12 1 1 13 0.000 0.0 1 0.000 180.0 2 0.267 0.0 3
13 1 1 13 0.000 0.0 1 0.000 180.0 2 0.000 0.0 3
15 1 1 15 1.250 0.0 1 -0.300 180.0 2 0.000 0.0 3
15 1 1 17 0.000 0.0 1 0.000 180.0 2 0.000 0.0 3
15 1 1 39 0.000 0.0 1 0.000 180.0 2 0.100 0.0 3
17 1 1 17 0.000 0.0 1 0.000 180.0 2 0.125 0.0 3
18 1 1 18 0.000 0.0 1 0.000 180.0 2 0.300 0.0 3
19 1 1 19 0.000 0.0 1 0.000 180.0 2 0.167 0.0 3
22 1 1 22 0.500 0.0 1 0.200 180.0 2 0.300 0.0 3
29 1 1 29 0.210 0.0 1 0.270 180.0 2 0.093 0.0 3
36 1 1 36 0.000 0.0 1 0.000 180.0 2 0.238 0.0 3
37 1 1 37 0.000 0.0 1 0.000 180.0 2 0.000 0.0 3
39 1 1 39 -10.382 0.0 1 -3.021 180.0 2 0.637 0.0 3
41 1 1 41 0.000 0.0 1 0.000 180.0 2 1.910 0.0 3
50 1 1 50 0.800 0.0 1 0.800 180.0 2 2.560 0.0 3
1 1 2 1 0.100 0.0 1 0.200 180.0 2 0.800 0.0 3
1 1 2 2 -0.700 0.0 1 -0.200 180.0 2 -0.550 0.0 3
1 1 2 3 0.000 0.0 1 0.000 180.0 2 0.457 0.0 3
1 1 2 4 -0.440 0.0 1 0.240 180.0 2 0.060 0.0 3
1 1 2 5 0.000 0.0 1 0.000 180.0 2 0.010 0.0 3
1 1 2 6 0.000 0.0 1 0.000 180.0 2 0.000 0.0 3
1 1 2 19 0.000 0.0 1 0.000 180.0 2 0.350 0.0 3
1 1 2 36 0.000 0.0 1 0.000 180.0 2 0.010 0.0 3
1 1 2 37 0.000 0.0 1 0.000 180.0 2 -0.250 0.0 3
2 1 2 1 -0.900 0.0 1 0.000 180.0 2 -0.300 0.0 3
2 1 2 2 0.250 0.0 1 -0.650 180.0 2 0.600 0.0 3
2 1 2 5 0.000 0.0 1 0.000 180.0 2 0.800 0.0 3
2 1 2 6 0.000 0.0 1 0.000 180.0 2 0.000 0.0 3
2 1 2 36 0.000 0.0 1 0.000 180.0 2 0.800 0.0 3
2 1 2 37 0.000 0.0 1 0.000 180.0 2 0.000 0.0 3
3 1 2 1 0.000 0.0 1 0.000 180.0 2 0.000 0.0 3
3 1 2 2 0.000 0.0 1 0.000 180.0 2 0.100 0.0 3
3 1 2 5 0.000 0.0 1 0.000 180.0 2 0.000 0.0 3
4 1 2 1 0.000 0.0 1 0.000 180.0 2 0.780 0.0 3
4 1 2 2 -1.900 0.0 1 0.000 180.0 2 0.000 0.0 3
4 1 2 5 0.000 0.0 1 0.000 180.0 2 0.780 0.0 3
5 1 2 1 0.000 0.0 1 0.000 180.0 2 0.540 0.0 3
5 1 2 2 0.000 0.0 1 0.000 180.0 2 -0.090 0.0 3
5 1 2 3 0.000 0.0 1 0.000 180.0 2 0.274 0.0 3
5 1 2 4 0.000 0.0 1 0.000 180.0 2 -0.240 0.0 3
5 1 2 5 0.000 0.0 1 0.000 180.0 2 0.580 0.0 3
5 1 2 6 0.000 0.0 1 0.000 180.0 2 0.540 0.0 3
5 1 2 37 0.000 0.0 1 0.000 180.0 2 0.000 0.0 3
5 1 2 39 0.000 0.0 1 0.000 180.0 2 -0.240 0.0 3
5 1 2 40 0.000 0.0 1 0.000 180.0 2 0.000 0.0 3
5 1 2 41 0.000 0.0 1 0.000 180.0 2 0.540 0.0 3
5 1 2 42 0.000 0.0 1 0.000 180.0 2 0.100 0.0 3
5 1 2 72 0.000 0.0 1 0.000 180.0 2 0.050 0.0 3
6 1 2 1 0.000 0.0 1 0.000 180.0 2 0.000 0.0 3
6 1 2 2 -0.500 0.0 1 1.000 180.0 2 -0.985 0.0 3
6 1 2 5 0.000 0.0 1 0.000 180.0 2 0.000 0.0 3
8 1 2 1 0.000 0.0 1 0.000 180.0 2 0.000 0.0 3
8 1 2 2 0.000 0.0 1 0.000 180.0 2 0.000 0.0 3
8 1 2 5 0.000 0.0 1 0.000 180.0 2 0.000 0.0 3
11 1 2 2 1.243 0.0 1 1.445 180.0 2 -1.243 0.0 3
11 1 2 5 0.848 0.0 1 0.000 180.0 2 0.000 0.0 3
12 1 2 2 0.500 0.0 1 0.300 180.0 2 -0.500 0.0 3
12 1 2 5 1.500 0.0 1 0.000 180.0 2 0.000 0.0 3
14 1 2 2 -0.700 0.0 1 -1.400 180.0 2 -1.400 0.0 3
14 1 2 5 0.000 0.0 1 0.160 180.0 2 0.090 0.0 3
15 1 2 1 0.000 0.0 1 0.000 180.0 2 0.000 0.0 3
15 1 2 2 0.000 0.0 1 0.000 180.0 2 -0.300 0.0 3
15 1 2 5 0.000 0.0 1 0.000 180.0 2 0.400 0.0 3
16 1 2 1 0.000 0.0 1 0.000 180.0 2 0.000 0.0 3
16 1 2 2 0.000 0.0 1 0.000 180.0 2 0.000 0.0 3
16 1 2 5 0.000 0.0 1 0.000 180.0 2 0.000 0.0 3
19 1 2 2 -0.750 0.0 1 0.000 180.0 2 0.505 0.0 3
19 1 2 5 0.000 0.0 1 0.000 180.0 2 0.717 0.0 3
22 1 2 1 0.400 0.0 1 0.030 180.0 2 0.500 0.0 3
22 1 2 2 -0.440 0.0 1 0.240 180.0 2 0.060 0.0 3
22 1 2 5 0.000 0.0 1 0.000 180.0 2 0.010 0.0 3
36 1 2 1 0.000 0.0 1 0.000 180.0 2 0.540 0.0 3
36 1 2 2 0.000 0.0 1 0.000 180.0 2 -0.090 0.0 3
37 1 2 2 0.000 0.0 1 0.000 180.0 2 0.300 0.0 3
37 1 2 5 0.000 0.0 1 0.000 180.0 2 0.530 0.0 3
37 1 2 37 0.000 0.0 1 0.000 180.0 2 0.000 0.0 3
39 1 2 2 0.000 0.0 1 0.000 180.0 2 0.000 0.0 3
43 1 2 2 0.000 0.0 1 0.000 180.0 2 -0.300 0.0 3
43 1 2 5 0.000 0.0 1 0.000 180.0 2 -0.600 0.0 3
75 1 2 3 -0.724 0.0 1 -0.910 180.0 2 0.416 0.0 3
109 1 2 2 0.000 0.0 1 0.000 180.0 2 -0.200 0.0 3
109 1 2 5 0.000 0.0 1 0.000 180.0 2 -0.500 0.0 3
151 1 2 2 -0.328 0.0 1 0.015 180.0 2 -1.199 0.0 3
151 1 2 5 0.000 0.0 1 0.015 180.0 2 0.100 0.0 3
1 1 3 1 0.406 0.0 1 0.292 180.0 2 0.014 0.0 3
1 1 3 2 0.000 0.0 1 0.000 180.0 2 -0.110 0.0 3
1 1 3 5 0.655 0.0 1 0.266 180.0 2 0.474 0.0 3
1 1 3 6 0.550 0.0 1 1.550 180.0 2 0.100 0.0 3
1 1 3 7 -0.457 0.0 1 1.106 180.0 2 -0.160 0.0 3
1 1 3 9 0.700 0.0 1 -1.100 180.0 2 0.300 0.0 3
1 1 3 11 0.195 0.0 1 0.363 180.0 2 0.143 0.0 3
1 1 3 12 0.977 0.0 1 -0.330 180.0 2 0.321 0.0 3
1 1 3 13 -0.550 0.0 1 -0.146 180.0 2 0.686 0.0 3
1 1 3 14 0.000 0.0 1 0.000 180.0 2 0.000 0.0 3
1 1 3 47 -0.400 0.0 1 1.000 180.0 2 0.000 0.0 3
1 1 3 75 0.550 0.0 1 1.550 180.0 2 0.100 0.0 3
1 1 3 77 -0.457 0.0 1 1.106 180.0 2 -0.016 0.0 3
1 1 3 78 -0.457 0.0 1 1.106 180.0 2 -0.016 0.0 3
1 1 3 148 0.550 0.0 1 1.550 180.0 2 0.100 0.0 3
2 1 3 1 0.000 0.0 1 0.000 180.0 2 0.000 0.0 3
2 1 3 2 2.100 0.0 1 1.200 180.0 2 -0.900 0.0 3
2 1 3 5 0.000 0.0 1 0.000 180.0 2 0.000 0.0 3
2 1 3 6 0.000 0.0 1 0.000 180.0 2 -0.417 0.0 3
2 1 3 7 0.000 0.0 1 0.000 180.0 2 -0.350 0.0 3
2 1 3 9 3.410 0.0 1 0.663 180.0 2 -0.150 0.0 3
3 1 3 1 0.000 0.0 1 0.000 180.0 2 0.000 0.0 3
3 1 3 5 0.000 0.0 1 0.000 180.0 2 0.000 0.0 3
3 1 3 7 0.000 0.0 1 0.000 180.0 2 -0.350 0.0 3
3 1 3 9 3.299 0.0 1 -1.450 180.0 2 -2.300 0.0 3
5 1 3 1 0.000 0.0 1 0.000 180.0 2 0.150 0.0 3
5 1 3 2 0.000 0.0 1 0.000 180.0 2 -0.140 0.0 3
5 1 3 3 0.000 0.0 1 0.000 180.0 2 0.500 0.0 3
5 1 3 5 0.115 0.0 1 0.027 180.0 2 0.285 0.0 3
5 1 3 6 0.250 0.0 1 0.850 180.0 2 0.000 0.0 3
5 1 3 7 -0.154 0.0 1 0.044 180.0 2 -0.086 0.0 3
5 1 3 9 0.000 0.0 1 0.000 180.0 2 0.230 0.0 3
5 1 3 11 0.000 0.0 1 0.000 180.0 2 0.192 0.0 3
5 1 3 12 0.000 0.0 1 0.000 180.0 2 0.219 0.0 3
5 1 3 13 0.000 0.0 1 0.000 180.0 2 0.195 0.0 3
5 1 3 14 0.000 0.0 1 0.000 180.0 2 0.160 0.0 3
5 1 3 47 0.000 0.0 1 0.000 180.0 2 0.200 0.0 3
5 1 3 75 0.250 0.0 1 0.850 180.0 2 0.000 0.0 3
5 1 3 76 -0.150 0.0 1 0.000 180.0 2 -0.200 0.0 3
5 1 3 77 -0.154 0.0 1 0.044 180.0 2 -0.086 0.0 3
5 1 3 78 -0.154 0.0 1 0.044 180.0 2 -0.086 0.0 3
5 1 3 148 0.250 0.0 1 0.850 180.0 2 0.200 0.0 3
6 1 3 1 0.000 0.0 1 0.000 180.0 2 0.000 0.0 3
6 1 3 5 0.000 0.0 1 0.000 180.0 2 0.000 0.0 3
6 1 3 6 3.550 0.0 1 -0.020 180.0 2 -2.090 0.0 3
6 1 3 7 -0.420 0.0 1 2.330 180.0 2 0.640 0.0 3
8 1 3 1 0.000 0.0 1 0.000 180.0 2 0.000 0.0 3
8 1 3 5 0.000 0.0 1 0.000 180.0 2 0.000 0.0 3
8 1 3 7 0.000 0.0 1 0.000 180.0 2 0.000 0.0 3
8 1 3 9 0.000 0.0 1 0.000 180.0 2 0.000 0.0 3
9 1 3 6 0.000 0.0 1 0.000 180.0 2 0.000 0.0 3
9 1 3 7 0.100 0.0 1 0.700 180.0 2 2.100 0.0 3
9 1 3 9 -0.700 0.0 1 0.700 180.0 2 0.200 0.0 3
9 1 3 47 0.000 0.0 1 0.800 180.0 2 1.500 0.0 3
11 1 3 1 0.000 0.0 1 0.000 180.0 2 0.000 0.0 3
11 1 3 7 0.000 0.0 1 4.000 180.0 2 0.000 0.0 3
12 1 3 1 0.000 0.0 1 0.000 180.0 2 0.000 0.0 3
12 1 3 7 0.000 0.0 1 2.600 180.0 2 0.000 0.0 3
13 1 3 1 0.000 0.0 1 0.000 180.0 2 0.000 0.0 3
13 1 3 7 0.000 0.0 1 0.780 180.0 2 0.000 0.0 3
14 1 3 1 0.000 0.0 1 0.000 180.0 2 0.000 0.0 3
14 1 3 7 0.000 0.0 1 0.000 180.0 2 -0.017 0.0 3
15 1 3 1 0.000 0.0 1 0.000 180.0 2 0.000 0.0 3
15 1 3 5 0.000 0.0 1 0.000 180.0 2 0.000 0.0 3
15 1 3 7 0.000 0.0 1 0.000 180.0 2 0.000 0.0 3
16 1 3 1 0.000 0.0 1 0.000 180.0 2 0.000 0.0 3
16 1 3 5 0.000 0.0 1 0.000 180.0 2 0.000 0.0 3
16 1 3 7 0.000 0.0 1 0.000 180.0 2 0.000 0.0 3
36 1 3 1 0.000 0.0 1 0.000 180.0 2 0.130 0.0 3
36 1 3 3 0.000 0.0 1 0.000 180.0 2 0.500 0.0 3
36 1 3 7 -0.167 0.0 1 0.000 180.0 2 -0.100 0.0 3
36 1 3 76 -0.150 0.0 1 0.000 180.0 2 -0.200 0.0 3
39 1 3 7 0.000 0.0 1 0.000 180.0 2 0.100 0.0 3
39 1 3 9 0.000 0.0 1 0.000 180.0 2 0.100 0.0 3
1 1 4 4 0.000 0.0 1 0.001 180.0 2 0.000 0.0 3
5 1 4 4 0.000 0.0 1 0.001 180.0 2 0.000 0.0 3
6 1 4 4 0.000 0.0 1 0.000 180.0 2 0.000 0.0 3
11 1 4 4 0.000 0.0 1 0.000 180.0 2 0.000 0.0 3
75 1 4 4 0.000 0.0 1 0.000 180.0 2 0.000 0.0 3
1 1 6 1 0.450 0.0 1 0.050 180.0 2 0.757 0.0 3
1 1 6 2 0.000 0.0 1 0.000 180.0 2 0.400 0.0 3
1 1 6 3 -2.280 0.0 1 1.000 180.0 2 0.000 0.0 3
1 1 6 6 0.000 0.0 1 0.000 180.0 2 0.355 0.0 3
1 1 6 19 0.000 0.0 1 0.000 180.0 2 0.210 0.0 3
1 1 6 21 0.400 0.0 1 0.000 180.0 2 0.100 0.0 3
1 1 6 25 -0.200 0.0 1 4.600 180.0 2 0.450 0.0 3
1 1 6 56 0.000 0.0 1 -0.700 180.0 2 0.000 0.0 3
1 1 6 153 0.000 0.0 1 0.000 180.0 2 0.000 0.0 3
2 1 6 1 0.000 0.0 1 0.000 180.0 2 0.403 0.0 3
2 1 6 21 0.800 0.0 1 0.000 180.0 2 0.090 0.0 3
3 1 6 1 0.000 0.0 1 0.000 180.0 2 0.403 0.0 3
3 1 6 21 0.000 0.0 1 0.000 180.0 2 0.090 0.0 3
4 1 6 1 0.100 0.0 1 -1.000 180.0 2 0.900 0.0 3
4 1 6 21 0.150 0.0 1 -0.750 180.0 2 0.708 0.0 3
5 1 6 1 0.000 0.0 1 0.000 180.0 2 0.680 0.0 3
5 1 6 2 0.000 0.0 1 0.000 180.0 2 0.530 0.0 3
5 1 6 3 0.010 0.0 1 0.000 180.0 2 0.000 0.0 3
5 1 6 6 0.500 0.0 1 0.000 180.0 2 0.775 0.0 3
5 1 6 19 0.000 0.0 1 0.000 180.0 2 0.210 0.0 3
5 1 6 21 0.000 0.0 1 0.000 180.0 2 0.200 0.0 3
5 1 6 25 0.000 0.0 1 0.000 180.0 2 0.530 0.0 3
5 1 6 153 0.000 0.0 1 0.000 180.0 2 0.300 0.0 3
6 1 6 1 1.250 0.0 1 -3.000 180.0 2 0.850 0.0 3
6 1 6 5 0.700 0.0 1 -2.350 180.0 2 0.200 0.0 3
6 1 6 6 0.000 0.0 1 0.000 180.0 2 0.403 0.0 3
6 1 6 21 -1.832 0.0 1 -2.208 180.0 2 0.547 0.0 3
12 1 6 1 0.500 0.0 1 -0.420 180.0 2 0.000 0.0 3
22 1 6 21 0.000 0.0 1 0.000 180.0 2 0.200 0.0 3
50 1 6 1 0.000 0.0 1 0.000 180.0 2 0.403 0.0 3
71 1 6 21 0.000 0.0 1 0.000 180.0 2 0.090 0.0 3
1 1 8 1 0.958 0.0 1 -0.155 180.0 2 0.766 0.0 3
1 1 8 2 0.000 0.0 1 0.000 180.0 2 0.450 0.0 3
1 1 8 23 0.073 0.0 1 -0.422 180.0 2 0.327 0.0 3
2 1 8 1 0.000 0.0 1 0.000 180.0 2 0.000 0.0 3
2 1 8 23 0.000 0.0 1 0.000 180.0 2 0.000 0.0 3
3 1 8 1 0.000 0.0 1 0.000 180.0 2 0.000 0.0 3
3 1 8 23 0.000 0.0 1 0.000 180.0 2 0.000 0.0 3
5 1 8 1 0.072 0.0 1 -0.012 180.0 2 0.563 0.0 3
5 1 8 2 0.000 0.0 1 0.000 180.0 2 0.650 0.0 3
5 1 8 23 0.121 0.0 1 -0.648 180.0 2 0.199 0.0 3
5 1 8 50 0.000 0.0 1 0.000 180.0 2 0.580 0.0 3
8 1 8 1 0.000 0.0 1 0.000 180.0 2 0.350 0.0 3
8 1 8 23 0.000 0.0 1 0.000 180.0 2 0.000 0.0 3
22 1 8 2 0.000 0.0 1 0.000 180.0 2 0.500 0.0 3
22 1 8 23 0.000 0.0 1 0.000 180.0 2 0.500 0.0 3
1 1 9 1 0.000 0.0 1 0.000 180.0 2 0.910 0.0 3
1 1 9 2 0.000 0.0 1 0.000 180.0 2 0.000 0.0 3
1 1 9 3 -0.300 0.0 1 0.000 180.0 2 0.300 0.0 3
1 1 9 28 0.000 0.0 1 0.000 180.0 2 0.010 0.0 3
1 1 9 30 0.000 0.0 1 0.000 180.0 2 0.600 0.0 3
1 1 9 56 -0.300 0.0 1 1.100 180.0 2 0.100 0.0 3
1 1 9 58 -0.300 0.0 1 0.000 180.0 2 0.300 0.0 3
2 1 9 58 0.000 0.0 1 0.200 180.0 2 -0.300 0.0 3
3 1 9 1 0.000 0.0 1 0.000 180.0 2 0.457 0.0 3
3 1 9 3 2.300 0.0 1 -1.200 180.0 2 0.800 0.0 3
3 1 9 28 0.000 0.0 1 0.000 180.0 2 0.300 0.0 3
5 1 9 1 0.000 0.0 1 0.000 180.0 2 0.460 0.0 3
5 1 9 2 0.000 0.0 1 0.000 180.0 2 0.650 0.0 3
5 1 9 3 0.000 0.0 1 0.000 180.0 2 0.010 0.0 3
5 1 9 18 0.000 0.0 1 0.000 180.0 2 0.125 0.0 3
5 1 9 28 0.000 0.0 1 0.000 180.0 2 0.080 0.0 3
5 1 9 30 0.000 0.0 1 0.000 180.0 2 0.100 0.0 3
5 1 9 58 0.000 0.0 1 0.000 180.0 2 0.010 0.0 3
15 1 9 1 1.200 0.0 1 0.300 180.0 2 1.634 0.0 3
15 1 9 3 -2.700 0.0 1 -3.400 180.0 2 -1.200 0.0 3
36 1 9 3 0.000 0.0 1 0.000 180.0 2 0.000 0.0 3
36 1 9 28 0.000 0.0 1 0.000 180.0 2 0.160 0.0 3
1 1 15 1 -0.440 0.0 1 -0.260 180.0 2 0.600 0.0 3
1 1 15 15 -0.200 0.0 1 0.000 180.0 2 0.000 0.0 3
1 1 15 44 -0.500 0.0 1 0.000 180.0 2 0.267 0.0 3
2 1 15 1 0.000 0.0 1 0.000 180.0 2 0.483 0.0 3
2 1 15 15 -0.300 0.0 1 0.000 180.0 2 0.100 0.0 3
2 1 15 44 0.000 0.0 1 0.000 180.0 2 0.270 0.0 3
3 1 15 1 0.000 0.0 1 0.000 180.0 2 0.483 0.0 3
3 1 15 44 0.000 0.0 1 0.000 180.0 2 0.267 0.0 3
5 1 15 1 0.000 0.0 1 0.000 180.0 2 0.660 0.0 3
5 1 15 15 0.300 0.0 1 0.000 180.0 2 0.600 0.0 3
5 1 15 44 0.000 0.0 1 0.000 180.0 2 0.400 0.0 3
9 1 15 1 0.734 0.0 1 0.153 180.0 2 0.601 0.0 3
15 1 15 1 0.000 0.0 1 -0.900 180.0 2 0.300 0.0 3
15 1 15 15 0.200 0.0 1 0.000 180.0 2 0.100 0.0 3
17 1 15 1 0.000 0.0 1 0.000 180.0 2 0.000 0.0 3
1 1 16 1 0.000 0.0 1 0.000 180.0 2 0.483 0.0 3
1 1 16 5 0.000 0.0 1 0.000 180.0 2 0.267 0.0 3
2 1 16 1 0.000 0.0 1 0.000 180.0 2 0.483 0.0 3
2 1 16 5 0.000 0.0 1 0.000 180.0 2 0.267 0.0 3
3 1 16 1 0.000 0.0 1 0.000 180.0 2 0.483 0.0 3
3 1 16 5 0.000 0.0 1 0.000 180.0 2 0.267 0.0 3
5 1 16 1 0.000 0.0 1 0.000 180.0 2 0.483 0.0 3
5 1 16 5 0.000 0.0 1 0.000 180.0 2 0.267 0.0 3
1 1 17 1 -0.800 0.0 1 0.000 180.0 2 1.200 0.0 3
1 1 17 5 -0.800 0.0 1 -0.700 180.0 2 0.100 0.0 3
1 1 17 7 -1.100 0.0 1 -0.150 180.0 2 0.175 0.0 3
5 1 17 1 0.000 0.0 1 0.000 180.0 2 0.600 0.0 3
5 1 17 5 0.000 0.0 1 0.000 180.0 2 0.700 0.0 3
5 1 17 7 0.000 0.0 1 0.000 180.0 2 0.175 0.0 3
15 1 17 1 0.000 0.0 1 0.000 180.0 2 0.000 0.0 3
15 1 17 7 0.000 0.0 1 0.000 180.0 2 0.000 0.0 3
17 1 17 1 0.000 0.0 1 0.000 180.0 2 0.000 0.0 3
17 1 17 7 0.000 0.0 1 0.000 180.0 2 0.000 0.0 3
1 1 18 1 -0.880 0.0 1 0.000 180.0 2 0.200 0.0 3
1 1 18 7 -0.500 0.0 1 0.000 180.0 2 0.100 0.0 3
5 1 18 1 0.000 0.0 1 0.000 180.0 2 0.315 0.0 3
5 1 18 2 0.000 0.0 1 0.000 180.0 2 0.800 0.0 3
5 1 18 5 0.000 0.0 1 0.000 180.0 2 0.820 0.0 3
5 1 18 7 0.000 0.0 1 0.000 180.0 2 0.320 0.0 3
5 1 18 9 0.000 0.0 1 0.000 180.0 2 0.125 0.0 3
1 1 19 1 0.000 0.0 1 0.000 180.0 2 0.167 0.0 3
1 1 19 2 0.000 0.0 1 0.000 180.0 2 0.167 0.0 3
1 1 19 5 0.000 0.0 1 0.000 180.0 2 0.295 0.0 3
1 1 19 6 0.000 0.0 1 0.000 180.0 2 0.167 0.0 3
1 1 19 19 0.000 0.0 1 0.000 180.0 2 0.300 0.0 3
2 1 19 1 0.000 0.0 1 0.000 180.0 2 0.167 0.0 3
2 1 19 2 0.000 0.0 1 0.000 180.0 2 0.400 0.0 3
2 1 19 5 0.000 0.0 1 0.000 180.0 2 0.320 0.0 3
5 1 19 1 0.000 0.0 1 0.000 180.0 2 0.195 0.0 3
5 1 19 2 0.000 0.0 1 0.000 180.0 2 0.117 0.0 3
5 1 19 5 0.000 0.0 1 0.000 180.0 2 0.177 0.0 3
5 1 19 6 0.000 0.0 1 0.000 180.0 2 0.210 0.0 3
5 1 19 19 0.000 0.0 1 0.000 180.0 2 0.270 0.0 3
5 1 19 22 0.000 0.0 1 0.000 180.0 2 0.300 0.0 3
5 1 19 56 0.000 0.0 1 0.000 180.0 2 0.330 0.0 3
19 1 19 1 0.000 0.0 1 0.000 180.0 2 0.100 0.0 3
19 1 19 5 0.000 0.0 1 0.000 180.0 2 0.167 0.0 3
1 1 22 1 0.000 0.0 1 0.000 180.0 2 0.300 0.0 3
1 1 22 5 0.000 0.0 1 0.000 180.0 2 0.170 0.0 3
1 1 22 22 0.000 0.0 1 0.000 180.0 2 0.250 0.0 3
1 1 22 49 0.000 0.0 1 0.000 180.0 2 0.530 0.0 3
2 1 22 5 0.000 0.0 1 0.000 180.0 2 0.267 0.0 3
2 1 22 22 0.300 0.0 1 0.000 180.0 2 0.450 0.0 3
5 1 22 1 0.000 0.0 1 0.000 180.0 2 0.690 0.0 3
5 1 22 5 0.000 0.0 1 0.000 180.0 2 0.700 0.0 3
5 1 22 22 0.000 0.0 1 0.000 180.0 2 0.350 0.0 3
5 1 22 49 0.000 0.0 1 0.000 180.0 2 0.530 0.0 3
6 1 22 5 0.000 0.0 1 0.000 180.0 2 0.270 0.0 3
6 1 22 22 0.000 0.0 1 0.000 180.0 2 0.370 0.0 3
8 1 22 5 0.000 0.0 1 0.000 180.0 2 0.500 0.0 3
8 1 22 22 0.300 0.0 1 0.000 180.0 2 0.500 0.0 3
22 1 22 1 0.185 0.0 1 0.170 180.0 2 0.520 0.0 3
22 1 22 5 0.000 0.0 1 0.000 180.0 2 0.120 0.0 3
22 1 22 22 -0.060 0.0 1 0.000 180.0 2 0.220 0.0 3
37 1 22 5 0.000 0.0 1 0.000 180.0 2 0.530 0.0 3
37 1 22 22 0.000 0.0 1 0.000 180.0 2 0.000 0.0 3
43 1 22 5 0.000 0.0 1 0.000 180.0 2 0.530 0.0 3
43 1 22 22 0.000 0.0 1 0.000 180.0 2 0.000 0.0 3
1 1 25 1 -1.430 0.0 1 0.000 180.0 2 0.589 0.0 3
1 1 25 2 -0.120 0.0 1 -0.250 180.0 2 0.300 0.0 3
1 1 25 5 -0.447 0.0 1 -2.612 180.0 2 0.560 0.0 3
5 1 25 1 0.000 0.0 1 0.000 180.0 2 0.410 0.0 3
5 1 25 2 0.050 0.0 1 0.000 180.0 2 0.200 0.0 3
5 1 25 5 0.000 0.0 1 0.000 180.0 2 0.290 0.0 3
1 1 26 6 0.000 0.0 1 2.916 180.0 2 0.000 0.0 3
5 1 26 6 0.000 0.0 1 0.000 180.0 2 0.325 0.0 3
1 1 29 1 0.400 0.0 1 0.150 180.0 2 0.500 0.0 3
1 1 29 5 0.000 0.0 1 0.200 180.0 2 0.300 0.0 3
5 1 29 1 0.000 0.0 1 0.000 180.0 2 0.280 0.0 3
5 1 29 5 0.000 0.0 1 0.000 180.0 2 0.300 0.0 3
1 1 31 1 -0.200 0.0 1 0.085 180.0 2 0.112 0.0 3
1 1 31 5 0.000 0.0 1 0.000 180.0 2 0.172 0.0 3
5 1 31 1 0.000 0.0 1 0.000 180.0 2 0.127 0.0 3
5 1 31 5 0.000 0.0 1 0.000 180.0 2 0.132 0.0 3
1 1 32 1 0.000 0.0 1 -0.050 180.0 2 0.160 0.0 3
1 1 32 5 0.000 0.0 1 0.000 180.0 2 0.070 0.0 3
5 1 32 1 0.000 0.0 1 0.000 180.0 2 0.089 0.0 3
5 1 32 5 0.000 0.0 1 0.000 180.0 2 0.071 0.0 3
1 1 33 1 0.000 0.0 1 0.000 180.0 2 0.021 0.0 3
1 1 33 5 0.000 0.0 1 0.000 180.0 2 0.021 0.0 3
5 1 33 1 0.000 0.0 1 0.000 180.0 2 0.021 0.0 3
5 1 33 5 0.000 0.0 1 0.000 180.0 2 0.021 0.0 3
5 1 33 33 0.000 0.0 1 0.000 180.0 2 0.021 0.0 3
1 1 34 1 -0.620 0.0 1 0.300 180.0 2 0.350 0.0 3
1 1 34 5 0.000 0.0 1 -0.200 180.0 2 0.300 0.0 3
5 1 34 1 0.000 0.0 1 0.000 180.0 2 0.360 0.0 3
5 1 34 5 0.000 0.0 1 0.000 180.0 2 0.270 0.0 3
1 1 35 1 -0.440 0.0 1 -0.330 180.0 2 0.600 0.0 3
1 1 35 5 0.000 0.0 1 -0.200 180.0 2 0.300 0.0 3
5 1 35 1 0.000 0.0 1 0.000 180.0 2 0.360 0.0 3
5 1 35 5 0.000 0.0 1 0.000 180.0 2 0.270 0.0 3
1 1 37 2 0.000 0.0 1 0.000 180.0 2 0.000 0.0 3
1 1 37 37 -0.440 0.0 1 0.240 180.0 2 0.060 0.0 3
1 1 37 43 -0.440 0.0 1 0.240 180.0 2 0.060 0.0 3
2 1 37 2 0.000 0.0 1 0.000 180.0 2 0.000 0.0 3
2 1 37 43 0.000 0.0 1 0.000 180.0 2 0.700 0.0 3
5 1 37 2 0.000 0.0 1 0.000 180.0 2 -0.980 0.0 3
5 1 37 37 0.000 0.0 1 0.000 180.0 2 -0.316 0.0 3
5 1 37 43 0.000 0.0 1 0.000 180.0 2 -0.316 0.0 3
22 1 37 43 0.000 0.0 1 0.000 180.0 2 0.700 0.0 3
37 1 37 2 0.000 0.0 1 0.000 180.0 2 0.000 0.0 3
5 1 38 22 0.000 0.0 1 0.000 180.0 2 0.540 0.0 3
1 1 39 1 -0.983 0.0 1 -0.240 180.0 2 0.380 0.0 3
1 1 39 48 -1.732 0.0 1 0.369 180.0 2 0.159 0.0 3
2 1 39 1 0.000 0.0 1 0.000 180.0 2 0.000 0.0 3
3 1 39 48 0.000 0.0 1 0.000 180.0 2 0.200 0.0 3
5 1 39 1 0.000 0.0 1 0.000 180.0 2 0.261 0.0 3
5 1 39 2 0.000 0.0 1 0.000 180.0 2 -0.240 0.0 3
5 1 39 48 0.000 0.0 1 0.000 180.0 2 0.212 0.0 3
5 1 39 69 0.000 0.0 1 0.000 180.0 2 -0.320 0.0 3
8 1 39 1 0.000 0.0 1 0.000 180.0 2 0.350 0.0 3
5 1 40 2 0.000 0.0 1 0.000 180.0 2 0.000 0.0 3
1 1 41 2 0.000 0.0 1 0.000 180.0 2 0.450 0.0 3
5 1 41 2 0.000 0.0 1 0.000 180.0 2 0.450 0.0 3
1 1 43 7 0.000 0.0 1 0.000 180.0 2 -1.750 0.0 3
1 1 43 37 -0.440 0.0 1 0.240 180.0 2 0.060 0.0 3
1 1 43 69 -0.500 0.0 1 0.000 180.0 2 -1.800 0.0 3
1 1 43 109 -0.440 0.0 1 0.000 180.0 2 -0.400 0.0 3
2 1 43 7 0.000 0.0 1 0.000 180.0 2 -1.750 0.0 3
2 1 43 37 0.000 0.0 1 0.000 180.0 2 0.700 0.0 3
2 1 43 69 0.000 0.0 1 0.000 180.0 2 -0.800 0.0 3
2 1 43 109 -0.440 0.0 1 0.000 180.0 2 -0.100 0.0 3
5 1 43 7 0.000 0.0 1 0.000 180.0 2 -0.730 0.0 3
5 1 43 37 0.000 0.0 1 0.000 180.0 2 -0.316 0.0 3
5 1 43 69 0.000 0.0 1 0.000 180.0 2 -0.200 0.0 3
5 1 43 109 0.000 0.0 1 0.000 180.0 2 -0.500 0.0 3
22 1 43 7 0.000 0.0 1 0.000 180.0 2 -1.750 0.0 3
22 1 43 37 0.000 0.0 1 0.000 180.0 2 0.700 0.0 3
1 1 46 7 0.000 0.0 1 0.610 180.0 2 0.000 0.0 3
5 1 46 7 0.000 0.0 1 0.000 180.0 2 0.060 0.0 3
46 1 46 7 0.000 0.0 1 0.000 180.0 2 1.700 0.0 3
1 1 50 50 -0.800 0.0 1 -0.100 180.0 2 -0.550 0.0 3
5 1 50 50 0.000 0.0 1 0.000 180.0 2 -0.090 0.0 3
6 1 50 50 0.000 0.0 1 0.000 180.0 2 0.000 0.0 3
50 1 50 50 0.300 0.0 1 -0.650 180.0 2 0.500 0.0 3
1 1 56 5 0.000 0.0 1 0.000 180.0 2 0.280 0.0 3
1 1 56 9 0.000 0.0 1 -0.700 180.0 2 0.000 0.0 3
1 1 56 56 0.185 0.0 1 0.170 180.0 2 0.495 0.0 3
5 1 56 1 0.000 0.0 1 0.000 180.0 2 0.280 0.0 3
5 1 56 5 0.000 0.0 1 0.000 180.0 2 0.238 0.0 3
5 1 56 6 0.000 0.0 1 0.000 180.0 2 0.300 0.0 3
5 1 56 15 0.000 0.0 1 0.000 180.0 2 0.540 0.0 3
5 1 56 22 0.000 0.0 1 0.000 180.0 2 0.280 0.0 3
5 1 56 56 0.000 0.0 1 0.000 180.0 2 0.280 0.0 3
5 1 56 75 0.000 0.0 1 0.006 180.0 2 0.300 0.0 3
1 1 57 57 0.185 0.0 1 0.170 180.0 2 0.495 0.0 3
5 1 57 56 0.000 0.0 1 0.000 180.0 2 0.540 0.0 3
5 1 57 57 0.000 0.0 1 0.000 180.0 2 -0.090 0.0 3
1 1 70 71 -0.427 0.0 1 0.605 180.0 2 -0.694 0.0 3
5 1 70 71 0.000 0.0 1 0.000 180.0 2 -0.465 0.0 3
1 1 71 1 1.200 0.0 1 0.200 180.0 2 0.150 0.0 3
1 1 71 5 0.730 0.0 1 0.270 180.0 2 0.680 0.0 3
1 1 71 70 0.116 0.0 1 0.495 180.0 2 -0.084 0.0 3
5 1 71 1 0.000 0.0 1 0.000 180.0 2 0.130 0.0 3
5 1 71 5 0.180 0.0 1 0.000 180.0 2 0.275 0.0 3
5 1 71 70 0.000 0.0 1 0.000 180.0 2 -0.064 0.0 3
6 1 71 1 0.000 0.0 1 0.000 180.0 2 0.000 0.0 3
6 1 71 5 0.000 0.0 1 0.000 180.0 2 0.000 0.0 3
6 1 71 70 1.000 0.0 1 5.100 180.0 2 0.000 0.0 3
5 1 72 2 0.000 0.0 1 0.000 180.0 2 -0.870 0.0 3
1 1 75 3 -2.280 0.0 1 1.000 180.0 2 0.000 0.0 3
2 1 75 3 0.724 0.0 1 -0.603 180.0 2 0.258 0.0 3
4 1 75 3 -2.100 0.0 1 -0.100 180.0 2 1.800 0.0 3
5 1 75 3 0.010 0.0 1 0.000 180.0 2 0.000 0.0 3
1 1 109 43 -0.440 0.0 1 0.000 180.0 2 -0.400 0.0 3
2 1 109 43 -0.440 0.0 1 0.000 180.0 2 -0.200 0.0 3
5 1 109 43 0.980 0.0 1 0.000 180.0 2 0.000 0.0 3
1 1 110 1 0.000 0.0 1 0.000 180.0 2 0.100 0.0 3
1 1 110 2 -1.282 0.0 1 0.008 180.0 2 -0.936 0.0 3
5 1 110 1 0.000 0.0 1 0.000 180.0 2 0.250 0.0 3
5 1 110 2 0.000 0.0 1 0.000 180.0 2 -0.438 0.0 3
5 1 110 23 0.000 0.0 1 0.000 180.0 2 0.000 0.0 3
1 1 111 2 0.000 0.0 1 0.000 180.0 2 0.000 0.0 3
5 1 111 1 0.000 0.0 1 0.000 180.0 2 0.600 0.0 3
5 1 111 2 0.000 0.0 1 0.500 180.0 2 0.000 0.0 3
5 1 145 146 -1.200 0.0 1 0.100 180.0 2 0.600 0.0 3
1 1 146 23 0.073 0.0 1 -0.422 180.0 2 0.000 0.0 3
1 1 146 145 2.800 0.0 1 -0.800 180.0 2 1.400 0.0 3
5 1 146 1 0.072 0.0 1 -0.012 180.0 2 1.000 0.0 3
5 1 146 23 0.121 0.0 1 -0.648 180.0 2 0.400 0.0 3
5 1 146 145 2.800 0.0 1 -0.500 180.0 2 0.600 0.0 3
1 1 150 23 -7.000 0.0 1 1.822 180.0 2 3.127 0.0 3
1 1 150 150 2.000 0.0 1 -1.786 180.0 2 2.378 0.0 3
2 1 150 150 0.000 0.0 1 0.000 180.0 2 0.000 0.0 3
5 1 150 1 -3.600 0.0 1 1.000 180.0 2 1.000 0.0 3
5 1 150 23 -2.000 0.0 1 -4.000 180.0 2 1.400 0.0 3
5 1 150 150 0.000 0.0 1 0.000 180.0 2 0.800 0.0 3
8 1 150 150 0.000 0.0 1 0.000 180.0 2 0.350 0.0 3
2 1 151 2 0.000 0.0 1 -1.246 180.0 2 0.100 0.0 3
2 1 151 3 2.316 0.0 1 -1.246 180.0 2 2.102 0.0 3
1 1 153 1 0.000 0.0 1 0.000 180.0 2 0.000 0.0 3
1 1 153 5 0.000 0.0 1 0.000 180.0 2 0.000 0.0 3
1 1 153 7 0.000 0.0 1 0.000 180.0 2 0.270 0.0 3
1 1 153 159 0.000 0.0 1 0.000 180.0 2 0.270 0.0 3
5 1 153 1 0.000 0.0 1 0.000 180.0 2 0.100 0.0 3
5 1 153 6 0.000 0.0 1 0.000 180.0 2 0.100 0.0 3
5 1 153 7 0.000 0.0 1 0.000 180.0 2 0.500 0.0 3
5 1 153 159 0.000 0.0 1 0.000 180.0 2 0.100 0.0 3
1 1 154 155 0.981 0.0 1 -1.181 180.0 2 1.598 0.0 3
5 1 154 155 0.000 0.0 1 0.000 180.0 2 0.378 0.0 3
1 1 155 154 5.117 0.0 1 -3.407 180.0 2 1.561 0.0 3
5 1 155 154 0.000 0.0 1 0.000 180.0 2 -0.183 0.0 3
1 1 159 153 0.000 0.0 1 0.000 180.0 2 0.000 0.0 3
5 1 159 153 0.000 0.0 1 0.000 180.0 2 0.300 0.0 3
1 2 2 1 -0.300 0.0 1 9.500 180.0 2 0.000 0.0 3
1 2 2 2 -0.610 0.0 1 7.000 180.0 2 0.000 0.0 3
1 2 2 3 0.000 0.0 1 15.000 180.0 2 0.000 0.0 3
1 2 2 5 0.000 0.0 1 10.000 180.0 2 0.000 0.0 3
1 2 2 6 -1.200 0.0 1 16.250 180.0 2 0.000 0.0 3
1 2 2 8 0.000 0.0 1 9.000 180.0 2 0.000 0.0 3
1 2 2 12 0.320 0.0 1 15.500 180.0 2 0.000 0.0 3
1 2 2 14 -1.320 0.0 1 15.500 180.0 2 0.000 0.0 3
1 2 2 18 0.000 0.0 1 8.100 180.0 2 0.300 0.0 3
1 2 2 19 0.000 0.0 1 6.450 180.0 2 0.000 0.0 3
1 2 2 22 0.000 0.0 1 15.000 180.0 2 0.000 0.0 3
1 2 2 36 0.000 0.0 1 10.000 180.0 2 0.000 0.0 3
1 2 2 37 0.000 0.0 1 7.500 180.0 2 0.000 0.0 3
1 2 2 39 0.000 0.0 1 15.000 180.0 2 0.000 0.0 3
1 2 2 40 0.000 0.0 1 15.000 180.0 2 0.000 0.0 3
1 2 2 41 0.000 0.0 1 10.000 180.0 2 0.000 0.0 3
1 2 2 42 0.000 0.0 1 10.000 180.0 2 0.000 0.0 3
1 2 2 111 0.000 0.0 1 7.500 180.0 2 1.000 0.0 3
2 2 2 2 -0.670 0.0 1 10.000 180.0 2 0.000 0.0 3
2 2 2 3 0.000 0.0 1 10.000 180.0 2 0.000 0.0 3
2 2 2 4 0.000 0.0 1 15.000 180.0 2 0.000 0.0 3
2 2 2 5 0.250 0.0 1 9.000 180.0 2 -0.550 0.0 3
2 2 2 6 0.000 0.0 1 16.250 180.0 2 0.000 0.0 3
2 2 2 8 0.000 0.0 1 9.000 180.0 2 0.000 0.0 3
2 2 2 9 0.000 0.0 1 12.000 180.0 2 0.000 0.0 3
2 2 2 11 0.000 0.0 1 14.500 180.0 2 0.000 0.0 3
2 2 2 12 0.000 0.0 1 15.000 180.0 2 0.000 0.0 3
2 2 2 13 0.000 0.0 1 15.000 180.0 2 0.000 0.0 3
2 2 2 14 0.000 0.0 1 15.000 180.0 2 0.000 0.0 3
2 2 2 18 0.000 0.0 1 8.100 180.0 2 0.300 0.0 3
2 2 2 19 0.000 0.0 1 6.450 180.0 2 0.000 0.0 3
2 2 2 22 -0.270 0.0 1 15.000 180.0 2 0.000 0.0 3
2 2 2 25 0.000 0.0 1 16.250 180.0 2 0.000 0.0 3
2 2 2 26 0.000 0.0 1 11.600 180.0 2 0.000 0.0 3
2 2 2 36 0.250 0.0 1 9.000 180.0 2 -0.550 0.0 3
2 2 2 37 1.000 0.0 1 10.000 180.0 2 0.000 0.0 3
2 2 2 39 1.000 0.0 1 15.000 180.0 2 0.000 0.0 3
2 2 2 40 0.000 0.0 1 14.000 180.0 2 0.000 0.0 3
2 2 2 41 -0.450 0.0 1 10.000 180.0 2 0.000 0.0 3
2 2 2 42 0.000 0.0 1 10.000 180.0 2 4.200 0.0 3
2 2 2 43 0.000 0.0 1 12.200 180.0 2 0.000 0.0 3
2 2 2 46 0.000 0.0 1 8.000 180.0 2 0.000 0.0 3
2 2 2 57 -0.670 0.0 1 7.000 180.0 2 0.000 0.0 3
2 2 2 111 1.000 0.0 1 15.000 180.0 2 1.500 0.0 3
2 2 2 143 0.000 0.0 1 12.000 180.0 2 0.000 0.0 3
2 2 2 144 0.000 0.0 1 14.000 180.0 2 0.000 0.0 3
2 2 2 151 0.000 0.0 1 11.945 180.0 2 0.000 0.0 3
3 2 2 3 0.000 0.0 1 8.700 180.0 2 0.000 0.0 3
3 2 2 5 0.000 0.0 1 10.400 180.0 2 0.000 0.0 3
3 2 2 8 0.000 0.0 1 15.000 180.0 2 0.000 0.0 3
3 2 2 14 -0.500 0.0 1 15.500 180.0 2 0.000 0.0 3
3 2 2 22 0.000 0.0 1 15.000 180.0 2 0.000 0.0 3
3 2 2 41 -0.450 0.0 1 10.000 180.0 2 0.000 0.0 3
4 2 2 5 0.000 0.0 1 15.000 180.0 2 0.000 0.0 3
5 2 2 5 0.000 0.0 1 11.500 180.0 2 0.000 0.0 3
5 2 2 6 0.000 0.0 1 16.250 180.0 2 0.000 0.0 3
5 2 2 8 0.000 0.0 1 9.000 180.0 2 0.000 0.0 3
5 2 2 9 0.000 0.0 1 12.000 180.0 2 0.000 0.0 3
5 2 2 11 0.000 0.0 1 14.500 180.0 2 0.000 0.0 3
5 2 2 12 0.000 0.0 1 15.000 180.0 2 0.000 0.0 3
5 2 2 13 0.000 0.0 1 15.000 180.0 2 0.000 0.0 3
5 2 2 14 -1.000 0.0 1 15.000 180.0 2 0.000 0.0 3
5 2 2 18 0.000 0.0 1 8.380 180.0 2 0.300 0.0 3
5 2 2 19 0.000 0.0 1 6.450 180.0 2 0.000 0.0 3
5 2 2 22 0.000 0.0 1 15.000 180.0 2 0.000 0.0 3
5 2 2 25 0.000 0.0 1 16.250 180.0 2 0.000 0.0 3
5 2 2 26 0.000 0.0 1 11.600 180.0 2 0.000 0.0 3
5 2 2 37 0.755 0.0 1 10.000 180.0 2 0.000 0.0 3
5 2 2 39 0.000 0.0 1 15.000 180.0 2 0.000 0.0 3
5 2 2 40 -3.150 0.0 1 3.000 180.0 2 0.000 0.0 3
5 2 2 41 -0.250 0.0 1 10.000 180.0 2 0.000 0.0 3
5 2 2 42 -4.242 0.0 1 7.400 180.0 2 0.000 0.0 3
5 2 2 43 0.000 0.0 1 14.000 180.0 2 -1.060 0.0 3
5 2 2 46 0.000 0.0 1 8.500 180.0 2 0.000 0.0 3
5 2 2 57 0.250 0.0 1 9.000 180.0 2 -0.550 0.0 3
5 2 2 111 0.000 0.0 1 12.620 180.0 2 -1.100 0.0 3
5 2 2 143 0.000 0.0 1 12.800 180.0 2 -1.060 0.0 3
5 2 2 144 0.000 0.0 1 14.000 180.0 2 0.000 0.0 3
6 2 2 6 -2.000 0.0 1 16.250 180.0 2 0.000 0.0 3
6 2 2 12 -0.500 0.0 1 15.500 180.0 2 0.000 0.0 3
6 2 2 13 0.000 0.0 1 15.500 180.0 2 0.000 0.0 3
6 2 2 14 0.000 0.0 1 5.250 180.0 2 0.000 0.0 3
8 2 2 8 0.000 0.0 1 9.000 180.0 2 0.000 0.0 3
11 2 2 11 -2.300 0.0 1 15.500 180.0 2 0.000 0.0 3
12 2 2 12 -1.600 0.0 1 15.500 180.0 2 0.000 0.0 3
13 2 2 13 -0.800 0.0 1 15.500 180.0 2 0.000 0.0 3
14 2 2 14 -3.840 0.0 1 15.500 180.0 2 0.000 0.0 3
14 2 2 41 -1.000 0.0 1 15.500 180.0 2 0.000 0.0 3
19 2 2 19 0.000 0.0 1 6.450 180.0 2 0.000 0.0 3
22 2 2 40 0.000 0.0 1 15.000 180.0 2 0.000 0.0 3
36 2 2 36 0.000 0.0 1 11.500 180.0 2 0.000 0.0 3
37 2 2 37 2.500 0.0 1 7.000 180.0 2 0.000 0.0 3
37 2 2 40 0.900 0.0 1 15.000 180.0 2 0.000 0.0 3
37 2 2 151 0.239 0.0 1 11.945 180.0 2 0.142 0.0 3
40 2 2 40 0.000 0.0 1 15.000 180.0 2 0.000 0.0 3
41 2 2 41 0.000 0.0 1 10.000 180.0 2 0.000 0.0 3
42 2 2 42 0.000 0.0 1 10.000 180.0 2 4.500 0.0 3
46 2 2 46 0.000 0.0 1 10.000 180.0 2 0.000 0.0 3
1 2 3 1 0.980 0.0 1 10.379 180.0 2 0.000 0.0 3
1 2 3 2 0.000 0.0 1 9.820 180.0 2 0.000 0.0 3
1 2 3 5 3.250 0.0 1 12.000 180.0 2 0.000 0.0 3
1 2 3 7 2.020 0.0 1 12.000 180.0 2 0.000 0.0 3
1 2 3 151 3.804 0.0 1 9.139 180.0 2 -1.199 0.0 3
2 2 3 1 -3.250 0.0 1 8.000 180.0 2 0.000 0.0 3
2 2 3 2 0.000 0.0 1 9.820 180.0 2 0.000 0.0 3
2 2 3 3 -1.380 0.0 1 12.000 180.0 2 0.000 0.0 3
2 2 3 5 -0.300 0.0 1 8.000 180.0 2 0.000 0.0 3
2 2 3 6 0.000 0.0 1 16.250 180.0 2 0.000 0.0 3
2 2 3 7 0.000 0.0 1 8.000 180.0 2 0.000 0.0 3
2 2 3 9 0.000 0.0 1 1.500 180.0 2 0.000 0.0 3
2 2 3 75 0.000 0.0 1 16.250 180.0 2 0.000 0.0 3
2 2 3 76 1.550 0.0 1 12.000 180.0 2 0.000 0.0 3
2 2 3 149 0.000 0.0 1 16.250 180.0 2 0.000 0.0 3
2 2 3 151 0.000 0.0 1 9.139 180.0 2 0.000 0.0 3
5 2 3 1 0.000 0.0 1 8.000 180.0 2 0.000 0.0 3
5 2 3 2 0.400 0.0 1 9.820 180.0 2 0.000 0.0 3
5 2 3 3 0.000 0.0 1 9.800 180.0 2 0.000 0.0 3
5 2 3 5 2.750 0.0 1 10.000 180.0 2 0.000 0.0 3
5 2 3 7 2.100 0.0 1 10.000 180.0 2 0.000 0.0 3
5 2 3 149 0.000 0.0 1 11.600 180.0 2 0.000 0.0 3
5 2 3 151 0.000 0.0 1 9.139 180.0 2 0.000 0.0 3
40 2 3 2 0.000 0.0 1 11.000 180.0 2 0.000 0.0 3
40 2 3 7 0.800 0.0 1 11.000 180.0 2 0.800 0.0 3
2 2 4 4 0.000 0.0 1 0.001 180.0 2 0.000 0.0 3
1 2 6 1 2.300 0.0 1 4.000 180.0 2 0.000 0.0 3
1 2 6 2 0.000 0.0 1 0.000 180.0 2 0.000 0.0 3
2 2 6 1 1.500 0.0 1 3.300 180.0 2 -3.530 0.0 3
2 2 6 2 0.000 0.0 1 0.000 180.0 2 0.000 0.0 3
2 2 6 3 0.000 0.0 1 2.300 180.0 2 0.000 0.0 3
2 2 6 21 0.000 0.0 1 2.300 180.0 2 0.000 0.0 3
2 2 6 25 0.100 0.0 1 4.600 180.0 2 0.000 0.0 3
2 2 6 73 2.000 0.0 1 1.700 180.0 2 -2.000 0.0 3
5 2 6 1 3.000 0.0 1 3.100 180.0 2 0.000 0.0 3
5 2 6 2 0.000 0.0 1 0.000 180.0 2 0.000 0.0 3
5 2 6 25 -0.100 0.0 1 2.000 180.0 2 0.000 0.0 3
5 2 6 73 0.000 0.0 1 0.000 180.0 2 0.000 0.0 3
2 2 8 1 -1.450 0.0 1 3.100 180.0 2 0.000 0.0 3
2 2 8 23 0.000 0.0 1 2.500 180.0 2 0.000 0.0 3
5 2 8 1 1.670 0.0 1 1.600 180.0 2 0.000 0.0 3
5 2 8 23 0.000 0.0 1 3.300 180.0 2 0.000 0.0 3
8 2 8 1 -2.500 0.0 1 3.700 180.0 2 0.000 0.0 3
22 2 8 1 0.000 0.0 1 2.000 180.0 2 0.000 0.0 3
22 2 8 23 0.000 0.0 1 2.000 180.0 2 0.000 0.0 3
2 2 9 1 0.000 0.0 1 2.000 180.0 2 0.000 0.0 3
2 2 9 2 0.000 0.0 1 0.000 180.0 2 1.490 0.0 3
2 2 9 3 0.000 0.0 1 2.000 180.0 2 0.000 0.0 3
2 2 9 28 0.000 0.0 1 2.000 180.0 2 0.000 0.0 3
5 2 9 3 0.000 0.0 1 0.000 180.0 2 0.000 0.0 3
5 2 9 28 0.000 0.0 1 0.000 180.0 2 0.000 0.0 3
9 2 9 1 0.000 0.0 1 0.000 180.0 2 0.000 0.0 3
9 2 9 28 0.000 0.0 1 0.000 180.0 2 0.000 0.0 3
2 2 18 1 0.000 0.0 1 0.000 180.0 2 3.000 0.0 3
2 2 18 2 0.000 0.0 1 0.000 180.0 2 3.000 0.0 3
2 2 18 7 0.000 0.0 1 0.000 180.0 2 3.000 0.0 3
5 2 18 1 0.000 0.0 1 0.000 180.0 2 0.765 0.0 3
5 2 18 2 0.000 0.0 1 0.000 180.0 2 0.765 0.0 3
5 2 18 7 0.000 0.0 1 0.000 180.0 2 0.820 0.0 3
1 2 19 1 0.000 0.0 1 0.000 180.0 2 0.350 0.0 3
1 2 19 2 -0.440 0.0 1 -0.240 180.0 2 0.060 0.0 3
2 2 19 1 -0.300 0.0 1 0.300 180.0 2 0.000 0.0 3
2 2 19 2 0.000 0.0 1 0.000 180.0 2 0.232 0.0 3
2 2 19 5 0.300 0.0 1 0.000 180.0 2 0.000 0.0 3
2 2 19 6 0.000 0.0 1 0.000 180.0 2 0.200 0.0 3
2 2 19 19 -0.440 0.0 1 -0.240 180.0 2 0.060 0.0 3
5 2 19 1 0.000 0.0 1 0.000 180.0 2 0.717 0.0 3
5 2 19 2 0.000 0.0 1 0.000 180.0 2 0.600 0.0 3
5 2 19 5 0.000 0.0 1 0.000 180.0 2 0.520 0.0 3
2 2 22 2 0.100 0.0 1 0.000 180.0 2 0.500 0.0 3
2 2 22 5 -0.300 0.0 1 1.600 180.0 2 -0.500 0.0 3
2 2 22 22 -0.440 0.0 1 0.240 180.0 2 0.060 0.0 3
2 2 22 49 0.000 0.0 1 0.000 180.0 2 0.000 0.0 3
5 2 22 2 0.000 0.0 1 0.000 180.0 2 0.600 0.0 3
5 2 22 5 0.000 0.0 1 0.000 180.0 2 0.520 0.0 3
5 2 22 22 0.000 0.0 1 0.000 180.0 2 0.010 0.0 3
8 2 22 2 0.000 0.0 1 0.000 180.0 2 0.500 0.0 3
8 2 22 22 0.000 0.0 1 0.000 180.0 2 0.100 0.0 3
2 2 25 1 0.000 0.0 1 0.000 180.0 2 0.400 0.0 3
2 2 25 2 0.000 0.0 1 0.200 180.0 2 0.000 0.0 3
2 2 26 6 0.000 0.0 1 1.670 180.0 2 0.000 0.0 3
1 2 37 1 0.880 0.0 1 10.000 180.0 2 0.000 0.0 3
1 2 37 2 0.000 0.0 1 6.000 180.0 2 0.000 0.0 3
1 2 37 23 0.000 0.0 1 14.000 180.0 2 0.000 0.0 3
1 2 37 41 0.000 0.0 1 10.000 180.0 2 0.000 0.0 3
2 2 37 1 0.000 0.0 1 10.000 180.0 2 0.000 0.0 3
2 2 37 2 1.000 0.0 1 15.000 180.0 2 0.000 0.0 3
2 2 37 23 0.779 0.0 1 6.000 180.0 2 0.000 0.0 3
2 2 37 37 0.000 0.0 1 20.000 180.0 2 0.000 0.0 3
2 2 37 40 0.000 0.0 1 10.000 180.0 2 0.000 0.0 3
2 2 37 41 0.000 0.0 1 10.000 180.0 2 0.000 0.0 3
5 2 37 1 0.000 0.0 1 12.200 180.0 2 0.000 0.0 3
5 2 37 2 -6.650 0.0 1 20.000 180.0 2 0.000 0.0 3
5 2 37 23 0.000 0.0 1 15.000 180.0 2 0.000 0.0 3
5 2 37 37 0.000 0.0 1 14.000 180.0 2 0.000 0.0 3
5 2 37 40 0.000 0.0 1 10.000 180.0 2 0.000 0.0 3
5 2 37 41 0.000 0.0 1 16.000 180.0 2 0.000 0.0 3
5 2 37 42 0.000 0.0 1 18.000 180.0 2 0.000 0.0 3
37 2 37 1 0.000 0.0 1 10.000 180.0 2 0.000 0.0 3
37 2 37 2 0.000 0.0 1 13.000 180.0 2 0.000 0.0 3
37 2 37 23 0.000 0.0 1 6.000 180.0 2 0.000 0.0 3
37 2 37 37 0.000 0.0 1 6.000 180.0 2 0.000 0.0 3
37 2 37 40 0.000 0.0 1 10.000 180.0 2 0.000 0.0 3
40 2 37 2 0.000 0.0 1 10.000 180.0 2 0.000 0.0 3
5 2 38 22 0.000 0.0 1 15.000 180.0 2 0.000 0.0 3
1 2 39 2 0.000 0.0 1 10.000 180.0 2 0.000 0.0 3
2 2 39 2 0.000 0.0 1 10.000 180.0 2 0.000 0.0 3
5 2 39 1 0.000 0.0 1 10.000 180.0 2 0.000 0.0 3
5 2 39 2 0.000 0.0 1 10.000 180.0 2 0.000 0.0 3
1 2 40 2 0.000 0.0 1 14.000 180.0 2 0.000 0.0 3
1 2 40 23 0.000 0.0 1 14.000 180.0 2 0.000 0.0 3
2 2 40 1 0.000 0.0 1 14.000 180.0 2 0.000 0.0 3
2 2 40 2 0.000 0.0 1 14.000 180.0 2 0.000 0.0 3
2 2 40 23 -3.150 0.0 1 8.000 180.0 2 0.000 0.0 3
2 2 40 37 1.500 0.0 1 15.000 180.0 2 0.000 0.0 3
3 2 40 2 0.000 0.0 1 15.000 180.0 2 0.000 0.0 3
3 2 40 23 0.000 0.0 1 15.000 180.0 2 0.000 0.0 3
5 2 40 1 0.000 0.0 1 14.000 180.0 2 0.000 0.0 3
5 2 40 2 0.000 0.0 1 7.000 180.0 2 0.000 0.0 3
5 2 40 23 -0.530 0.0 1 3.000 180.0 2 0.000 0.0 3
5 2 40 37 0.000 0.0 1 15.000 180.0 2 0.000 0.0 3
37 2 40 2 0.000 0.0 1 15.000 180.0 2 0.000 0.0 3
37 2 40 23 -2.744 0.0 1 15.000 180.0 2 0.000 0.0 3
37 2 40 37 0.000 0.0 1 15.000 180.0 2 0.000 0.0 3
1 2 41 1 0.000 0.0 1 10.110 180.0 2 0.000 0.0 3
1 2 41 2 0.000 0.0 1 10.000 180.0 2 0.000 0.0 3
1 2 41 37 0.000 0.0 1 10.000 180.0 2 0.000 0.0 3
2 2 41 1 0.000 0.0 1 12.000 180.0 2 -2.100 0.0 3
2 2 41 2 0.200 0.0 1 6.000 180.0 2 -0.800 0.0 3
2 2 41 37 0.000 0.0 1 10.000 180.0 2 0.000 0.0 3
2 2 41 73 -0.100 0.0 1 10.800 180.0 2 0.000 0.0 3
5 2 41 1 -0.800 0.0 1 11.000 180.0 2 2.100 0.0 3
5 2 41 2 0.000 0.0 1 9.000 180.0 2 0.400 0.0 3
5 2 41 37 0.000 0.0 1 10.000 180.0 2 0.000 0.0 3
5 2 41 73 0.740 0.0 1 9.000 180.0 2 0.000 0.0 3
12 2 41 2 0.000 0.0 1 15.500 180.0 2 0.000 0.0 3
13 2 41 2 0.000 0.0 1 15.500 180.0 2 0.000 0.0 3
14 2 41 2 0.000 0.0 1 15.500 180.0 2 0.000 0.0 3
1 2 42 2 0.000 0.0 1 1.700 180.0 2 0.000 0.0 3
2 2 42 2 0.000 0.0 1 1.700 180.0 2 0.400 0.0 3
2 2 42 44 0.000 0.0 1 1.600 180.0 2 -0.510 0.0 3
5 2 42 2 0.000 0.0 1 2.080 180.0 2 0.000 0.0 3
5 2 42 37 0.000 0.0 1 2.000 180.0 2 0.000 0.0 3
5 2 42 44 0.000 0.0 1 2.000 180.0 2 0.100 0.0 3
2 2 43 2 0.000 0.0 1 12.000 180.0 2 0.000 0.0 3
2 2 43 69 0.000 0.0 1 13.200 180.0 2 0.000 0.0 3
5 2 43 2 0.000 0.0 1 10.000 180.0 2 0.000 0.0 3
5 2 43 69 0.000 0.0 1 7.500 180.0 2 0.000 0.0 3
2 2 46 7 0.000 0.0 1 1.300 180.0 2 0.000 0.0 3
5 2 46 7 0.000 0.0 1 1.300 180.0 2 0.000 0.0 3
2 2 57 57 -0.670 0.0 1 7.000 180.0 2 0.000 0.0 3
5 2 57 56 0.000 0.0 1 10.000 180.0 2 0.000 0.0 3
5 2 57 57 0.250 0.0 1 9.000 180.0 2 -0.550 0.0 3
5 2 72 1 0.000 0.0 1 10.000 180.0 2 0.000 0.0 3
2 2 75 3 0.000 0.0 1 2.300 180.0 2 0.000 0.0 3
5 2 110 1 -0.481 0.0 1 11.368 180.0 2 -1.519 0.0 3
5 2 110 23 0.000 0.0 1 9.500 180.0 2 0.000 0.0 3
2 2 111 1 0.000 0.0 1 1.000 180.0 2 0.000 0.0 3
2 2 111 2 -0.750 0.0 1 15.000 180.0 2 -0.500 0.0 3
2 2 111 23 0.820 0.0 1 6.000 180.0 2 0.000 0.0 3
5 2 111 1 0.000 0.0 1 12.200 180.0 2 0.000 0.0 3
5 2 111 2 0.000 0.0 1 15.000 180.0 2 0.000 0.0 3
5 2 111 23 0.000 0.0 1 9.000 180.0 2 0.000 0.0 3
2 2 113 113 0.000 0.0 1 1.500 180.0 2 0.000 0.0 3
2 2 114 114 0.000 0.0 1 1.500 180.0 2 0.000 0.0 3
2 2 143 2 0.000 0.0 1 12.000 180.0 2 0.000 0.0 3
2 2 143 69 0.000 0.0 1 12.000 180.0 2 0.000 0.0 3
2 2 143 144 0.000 0.0 1 15.000 180.0 2 0.000 0.0 3
5 2 143 2 0.000 0.0 1 12.500 180.0 2 0.000 0.0 3
5 2 143 69 0.000 0.0 1 12.500 180.0 2 0.000 0.0 3
2 2 144 143 0.000 0.0 1 15.000 180.0 2 0.000 0.0 3
2 2 151 1 0.000 0.0 1 5.096 180.0 2 0.000 0.0 3
2 2 151 3 0.000 0.0 1 3.857 180.0 2 -0.631 0.0 3
2 2 151 28 0.000 0.0 1 3.857 180.0 2 0.000 0.0 3
5 2 151 1 1.798 0.0 1 5.096 180.0 2 0.889 0.0 3
5 2 151 3 0.000 0.0 1 3.857 180.0 2 0.000 0.0 3
5 2 151 28 0.000 0.0 1 3.857 180.0 2 0.000 0.0 3
1 3 3 1 1.000 0.0 1 6.500 180.0 2 0.000 0.0 3
1 3 3 5 0.000 0.0 1 5.200 180.0 2 0.000 0.0 3
1 3 3 76 -1.000 0.0 1 6.500 180.0 2 0.000 0.0 3
2 3 3 2 0.900 0.0 1 8.000 180.0 2 0.000 0.0 3
2 3 3 5 0.000 0.0 1 5.000 180.0 2 0.000 0.0 3
2 3 3 76 -1.500 0.0 1 3.000 180.0 2 0.000 0.0 3
5 3 3 5 -0.700 0.0 1 9.800 180.0 2 0.000 0.0 3
5 3 3 36 0.000 0.0 1 7.500 180.0 2 0.000 0.0 3
5 3 3 76 -0.530 0.0 1 7.500 180.0 2 0.000 0.0 3
36 3 3 36 0.000 0.0 1 7.500 180.0 2 0.000 0.0 3
36 3 3 76 -0.530 0.0 1 7.500 180.0 2 0.000 0.0 3
76 3 3 76 0.000 0.0 1 7.500 180.0 2 0.000 0.0 3
1 3 6 1 1.050 0.0 1 7.500 180.0 2 -0.200 0.0 3
1 3 6 3 -2.500 0.0 1 1.390 180.0 2 0.000 0.0 3
1 3 6 24 0.000 0.0 1 5.390 180.0 2 1.230 0.0 3
2 3 6 1 3.530 0.0 1 2.300 180.0 2 -3.530 0.0 3
5 3 6 1 -0.300 0.0 1 7.500 180.0 2 0.000 0.0 3
5 3 6 24 -0.300 0.0 1 5.390 180.0 2 0.000 0.0 3
7 3 6 1 -2.660 0.0 1 7.500 180.0 2 0.200 0.0 3
7 3 6 3 -1.660 0.0 1 8.980 180.0 2 0.000 0.0 3
7 3 6 24 -1.200 0.0 1 5.390 180.0 2 0.400 0.0 3
1 3 9 1 1.100 0.0 1 3.800 180.0 2 0.000 0.0 3
1 3 9 2 -4.000 0.0 1 2.700 180.0 2 0.500 0.0 3
1 3 9 3 0.800 0.0 1 1.700 180.0 2 0.800 0.0 3
1 3 9 28 0.000 0.0 1 3.800 180.0 2 0.000 0.0 3
2 3 9 1 0.000 0.0 1 5.000 180.0 2 0.000 0.0 3
5 3 9 1 1.000 0.0 1 3.900 180.0 2 0.000 0.0 3
5 3 9 3 0.000 0.0 1 0.000 180.0 2 0.000 0.0 3
5 3 9 28 0.000 0.0 1 4.600 180.0 2 0.000 0.0 3
5 3 9 56 1.100 0.0 1 3.800 180.0 2 0.000 0.0 3
7 3 9 1 -0.600 0.0 1 4.200 180.0 2 0.000 0.0 3
7 3 9 2 -0.600 0.0 1 4.200 180.0 2 0.000 0.0 3
7 3 9 3 1.200 0.0 1 1.700 180.0 2 0.800 0.0 3
7 3 9 28 1.000 0.0 1 4.100 180.0 2 0.000 0.0 3
7 3 9 56 -0.500 0.0 1 4.000 180.0 2 0.000 0.0 3
9 3 9 1 0.000 0.0 1 0.000 180.0 2 0.010 0.0 3
9 3 9 2 2.400 0.0 1 2.500 180.0 2 0.000 0.0 3
9 3 9 3 0.800 0.0 1 1.300 180.0 2 0.000 0.0 3
9 3 9 28 0.800 0.0 1 4.100 180.0 2 0.000 0.0 3
7 3 22 5 -0.167 0.0 1 0.000 180.0 2 -0.100 0.0 3
7 3 22 22 -0.300 0.0 1 1.200 180.0 2 -0.350 0.0 3
22 3 22 5 0.000 0.0 1 0.000 180.0 2 0.130 0.0 3
5 3 56 56 -0.300 0.0 1 0.550 180.0 2 -0.120 0.0 3
7 3 56 5 -0.154 0.0 1 0.044 180.0 2 -0.086 0.0 3
7 3 56 56 -0.457 0.0 1 1.106 180.0 2 -0.160 0.0 3
56 3 56 5 0.000 0.0 1 0.000 180.0 2 0.130 0.0 3
1 3 75 1 1.050 0.0 1 7.500 180.0 2 -0.200 0.0 3
1 3 75 3 -2.500 0.0 1 1.390 180.0 2 0.000 0.0 3
1 3 75 24 0.000 0.0 1 5.390 180.0 2 1.230 0.0 3
2 3 75 1 3.530 0.0 1 2.300 180.0 2 -3.530 0.0 3
5 3 75 1 -0.300 0.0 1 7.500 180.0 2 0.000 0.0 3
5 3 75 24 -0.300 0.0 1 5.390 180.0 2 0.000 0.0 3
77 3 75 24 -1.200 0.0 1 5.390 180.0 2 0.400 0.0 3
78 3 75 1 -2.660 0.0 1 7.500 180.0 2 0.200 0.0 3
82 3 75 3 -1.660 0.0 1 8.980 180.0 2 0.000 0.0 3
1 3 148 3 2.300 0.0 1 3.500 180.0 2 -0.900 0.0 3
5 3 148 3 -0.200 0.0 1 2.600 180.0 2 0.300 0.0 3
82 3 148 3 0.500 0.0 1 3.000 180.0 2 0.000 0.0 3
2 3 149 3 0.000 0.0 1 2.470 180.0 2 -0.600 0.0 3
102 3 149 3 0.500 0.0 1 3.000 180.0 2 0.000 0.0 3
2 3 151 2 -0.835 0.0 1 11.053 180.0 2 1.431 0.0 3
2 3 151 28 0.000 0.0 1 11.053 180.0 2 0.000 0.0 3
79 3 151 1 -0.600 0.0 1 11.053 180.0 2 0.000 0.0 3
79 3 151 2 -0.600 0.0 1 11.053 180.0 2 0.000 0.0 3
79 3 151 28 1.000 0.0 1 11.053 180.0 2 0.000 0.0 3
96 3 151 2 -0.600 0.0 1 11.053 180.0 2 0.000 0.0 3
96 3 151 28 1.000 0.0 1 11.053 180.0 2 0.000 0.0 3
1 4 4 2 0.000 0.0 1 0.001 180.0 2 0.000 0.0 3
1 4 4 4 0.000 0.0 1 0.001 180.0 2 0.000 0.0 3
2 4 4 2 0.000 0.0 1 0.001 180.0 2 0.000 0.0 3
2 4 4 4 0.000 0.0 1 0.001 180.0 2 0.000 0.0 3
2 4 4 124 0.000 0.0 1 0.001 180.0 2 0.000 0.0 3
4 4 4 4 0.000 0.0 1 0.001 180.0 2 0.000 0.0 3
124 4 4 124 0.040 0.0 1 0.000 180.0 2 0.000 0.0 3
1 6 6 1 2.610 0.0 1 -2.550 180.0 2 0.845 0.0 3
1 6 6 21 1.655 0.0 1 -2.005 180.0 2 0.545 0.0 3
21 6 6 21 -0.800 0.0 1 -1.945 180.0 2 -0.100 0.0 3
1 6 19 1 0.000 0.0 1 0.000 180.0 2 0.100 0.0 3
1 6 19 5 0.000 0.0 1 0.000 180.0 2 0.490 0.0 3
1 6 19 6 0.000 0.0 1 0.000 180.0 2 0.150 0.0 3
19 6 19 1 0.000 0.0 1 -0.200 180.0 2 0.100 0.0 3
19 6 19 2 0.000 0.0 1 0.000 180.0 2 0.100 0.0 3
19 6 19 5 0.000 0.0 1 0.000 180.0 2 0.100 0.0 3
19 6 19 6 0.000 0.0 1 0.000 180.0 2 0.100 0.0 3
21 6 19 1 0.000 0.0 1 0.000 180.0 2 0.150 0.0 3
21 6 19 5 0.000 0.0 1 0.000 180.0 2 0.150 0.0 3
21 6 19 6 0.000 0.0 1 -0.450 180.0 2 0.000 0.0 3
1 6 25 6 0.000 0.0 1 0.000 180.0 2 0.400 0.0 3
2 6 25 6 0.200 0.0 1 0.000 180.0 2 -0.300 0.0 3
21 6 26 1 -1.460 0.0 1 5.096 180.0 2 -0.105 0.0 3
21 6 26 2 -1.671 0.0 1 4.175 180.0 2 0.778 0.0 3
21 6 26 6 -0.519 0.0 1 4.560 180.0 2 0.314 0.0 3
1 6 56 9 0.000 0.0 1 2.000 180.0 2 0.000 0.0 3
1 6 56 56 0.000 0.0 1 0.000 180.0 2 -0.500 0.0 3
2 6 56 5 0.000 0.0 1 1.700 180.0 2 -0.700 0.0 3
2 6 56 56 0.000 0.0 1 -2.100 180.0 2 1.000 0.0 3
56 6 56 1 0.000 0.0 1 0.000 180.0 2 0.400 0.0 3
56 6 56 5 0.000 0.0 1 0.000 180.0 2 0.730 0.0 3
58 6 56 1 1.250 0.0 1 0.440 180.0 2 0.000 0.0 3
58 6 56 5 0.000 0.0 1 0.000 180.0 2 0.001 0.0 3
56 6 58 7 -2.660 0.0 1 7.500 180.0 2 0.200 0.0 3
1 6 153 1 0.000 0.0 1 0.000 180.0 2 0.000 0.0 3
1 6 153 5 -0.820 0.0 1 0.062 180.0 2 -0.171 0.0 3
1 6 153 6 -2.322 0.0 1 -0.469 180.0 2 0.086 0.0 3
1 6 153 7 -3.213 0.0 1 0.155 180.0 2 1.609 0.0 3
21 6 153 1 0.040 0.0 1 -0.903 180.0 2 0.083 0.0 3
21 6 153 5 0.000 0.0 1 0.000 180.0 2 0.000 0.0 3
21 6 153 6 -0.401 0.0 1 -1.120 180.0 2 0.200 0.0 3
21 6 153 7 -1.828 0.0 1 -0.608 180.0 2 0.448 0.0 3
1 8 50 50 -1.650 0.0 1 3.200 180.0 2 0.000 0.0 3
23 8 50 50 0.000 0.0 1 2.500 180.0 2 0.000 0.0 3
1 8 56 1 0.958 0.0 1 -0.155 180.0 2 0.766 0.0 3
1 8 56 56 0.958 0.0 1 -0.155 180.0 2 0.766 0.0 3
23 8 56 5 0.121 0.0 1 -0.648 180.0 2 0.199 0.0 3
23 8 56 56 0.073 0.0 1 -0.422 180.0 2 0.327 0.0 3
56 8 56 1 0.958 0.0 1 -0.155 180.0 2 0.766 0.0 3
56 8 56 5 0.000 0.0 1 0.000 180.0 2 0.563 0.0 3
56 8 56 56 0.958 0.0 1 -0.155 180.0 2 0.766 0.0 3
1 9 18 1 -4.000 0.0 1 -3.000 180.0 2 -2.100 0.0 3
1 9 18 7 -0.500 0.0 1 -1.000 180.0 2 0.000 0.0 3
28 9 18 1 -0.500 0.0 1 -2.000 180.0 2 -4.000 0.0 3
28 9 18 5 0.000 0.0 1 0.000 180.0 2 0.030 0.0 3
28 9 18 7 0.000 0.0 1 0.000 180.0 2 0.060 0.0 3
1 9 30 9 0.000 0.0 1 4.500 180.0 2 0.000 0.0 3
28 9 30 9 0.000 0.0 1 4.500 180.0 2 0.000 0.0 3
1 9 56 1 0.000 0.0 1 0.900 180.0 2 -0.700 0.0 3
1 9 56 6 -0.900 0.0 1 0.000 180.0 2 1.000 0.0 3
1 9 56 56 9.800 0.0 1 9.160 180.0 2 0.200 0.0 3
3 9 56 5 0.000 0.0 1 0.000 180.0 2 0.010 0.0 3
28 9 56 5 0.000 0.0 1 0.000 180.0 2 3.900 0.0 3
28 9 56 56 0.000 0.0 1 1.000 180.0 2 -0.200 0.0 3
58 9 56 1 0.000 0.0 1 -3.000 180.0 2 0.000 0.0 3
58 9 56 6 -0.500 0.0 1 -1.000 180.0 2 1.000 0.0 3
1 9 58 56 0.000 0.0 1 5.000 180.0 2 2.300 0.0 3
1 9 58 79 -0.300 0.0 1 1.000 180.0 2 0.300 0.0 3
28 9 58 56 0.000 0.0 1 1.050 180.0 2 0.250 0.0 3
28 9 58 79 0.000 0.0 1 5.100 180.0 2 0.000 0.0 3
56 9 58 79 0.000 0.0 1 -0.850 180.0 2 0.000 0.0 3
1 15 15 1 1.850 0.0 1 -7.555 180.0 2 2.340 0.0 3
1 15 15 44 0.850 0.0 1 -6.685 180.0 2 0.750 0.0 3
44 15 15 44 0.350 0.0 1 -6.450 180.0 2 0.350 0.0 3
56 15 56 5 0.000 0.0 1 0.000 180.0 2 0.660 0.0 3
1 19 19 1 0.000 0.0 1 0.000 180.0 2 0.107 0.0 3
1 19 19 2 0.007 0.0 1 0.270 180.0 2 0.093 0.0 3
1 19 19 5 0.020 0.0 1 0.000 180.0 2 0.127 0.0 3
1 19 19 19 0.000 0.0 1 0.000 180.0 2 0.350 0.0 3
2 19 19 2 0.000 0.0 1 0.000 180.0 2 0.400 0.0 3
2 19 19 5 0.000 0.0 1 0.000 180.0 2 0.450 0.0 3
5 19 19 5 0.000 0.0 1 0.000 180.0 2 0.132 0.0 3
5 19 19 19 0.000 0.0 1 0.000 180.0 2 0.070 0.0 3
19 19 19 19 0.000 0.0 1 0.000 180.0 2 0.125 0.0 3
1 19 22 5 0.000 0.0 1 0.000 180.0 2 0.400 0.0 3
1 19 22 22 0.000 0.0 1 0.000 180.0 2 0.500 0.0 3
5 19 22 5 0.000 0.0 1 0.000 180.0 2 0.260 0.0 3
5 19 22 22 0.000 0.0 1 0.000 180.0 2 0.805 0.0 3
22 19 22 22 0.000 0.0 1 0.000 180.0 2 0.500 0.0 3
1 19 56 5 0.000 0.0 1 0.000 180.0 2 0.300 0.0 3
1 19 56 56 0.000 0.0 1 0.000 180.0 2 0.300 0.0 3
5 19 56 5 0.000 0.0 1 0.000 180.0 2 0.270 0.0 3
5 19 56 56 0.000 0.0 1 0.000 180.0 2 0.210 0.0 3
56 19 56 5 0.000 0.0 1 0.000 180.0 2 0.195 0.0 3
56 19 56 56 0.100 0.0 1 0.000 180.0 2 0.150 0.0 3
1 22 22 1 0.200 0.0 1 0.270 180.0 2 0.093 0.0 3
1 22 22 2 0.200 0.0 1 0.300 180.0 2 0.100 0.0 3
1 22 22 3 0.200 0.0 1 0.200 180.0 2 0.000 0.0 3
1 22 22 5 0.000 0.0 1 0.000 180.0 2 0.120 0.0 3
1 22 22 19 0.220 0.0 1 0.270 180.0 2 0.093 0.0 3
1 22 22 22 0.200 0.0 1 0.000 180.0 2 0.093 0.0 3
1 22 22 49 0.000 0.0 1 0.000 180.0 2 0.530 0.0 3
2 22 22 2 0.200 0.0 1 0.270 180.0 2 0.093 0.0 3
2 22 22 5 0.000 0.0 1 0.000 180.0 2 0.120 0.0 3
2 22 22 22 0.170 0.0 1 0.270 180.0 2 0.093 0.0 3
2 22 22 49 0.000 0.0 1 0.000 180.0 2 0.530 0.0 3
3 22 22 5 0.000 0.0 1 0.000 180.0 2 0.120 0.0 3
3 22 22 22 0.200 0.0 1 0.200 180.0 2 0.000 0.0 3
5 22 22 5 0.000 0.0 1 0.000 180.0 2 0.137 0.0 3
5 22 22 19 0.000 0.0 1 0.000 180.0 2 0.120 0.0 3
5 22 22 22 0.000 0.0 1 0.000 180.0 2 0.167 0.0 3
5 22 22 38 0.000 0.0 1 2.000 180.0 2 0.500 0.0 3
5 22 22 46 0.000 0.0 1 0.000 180.0 2 0.200 0.0 3
5 22 22 49 0.000 0.0 1 0.000 180.0 2 0.530 0.0 3
5 22 22 56 0.000 0.0 1 0.000 180.0 2 0.120 0.0 3
5 22 22 67 0.000 0.0 1 0.000 180.0 2 0.300 0.0 3
19 22 22 22 0.220 0.0 1 0.270 180.0 2 0.093 0.0 3
22 22 22 22 -0.940 0.0 1 0.600 180.0 2 0.160 0.0 3
22 22 22 46 0.000 0.0 1 0.000 180.0 2 0.167 0.0 3
22 22 22 56 0.200 0.0 1 0.270 180.0 2 0.093 0.0 3
56 22 22 56 0.200 0.0 1 0.270 180.0 2 0.093 0.0 3
57 22 22 57 0.200 0.0 1 0.270 180.0 2 0.093 0.0 3
5 22 38 1 0.000 0.0 1 0.000 180.0 2 0.540 0.0 3
5 22 38 2 0.000 0.0 1 0.000 180.0 2 -0.240 0.0 3
5 22 38 5 0.000 0.0 1 0.000 180.0 2 0.000 0.0 3
5 22 38 22 0.000 0.0 1 2.000 180.0 2 0.540 0.0 3
5 22 38 38 0.000 0.0 1 0.000 180.0 2 0.000 0.0 3
22 22 38 2 0.000 0.0 1 0.000 180.0 2 0.000 0.0 3
22 22 38 5 0.000 0.0 1 0.000 180.0 2 0.000 0.0 3
38 22 38 1 0.000 0.0 1 0.000 180.0 2 0.300 0.0 3
38 22 38 2 0.100 0.0 1 0.000 180.0 2 0.500 0.0 3
38 22 38 5 0.000 0.0 1 0.000 180.0 2 0.600 0.0 3
5 22 46 7 0.000 0.0 1 1.000 180.0 2 0.000 0.0 3
22 22 46 7 0.000 0.0 1 2.000 180.0 2 0.000 0.0 3
1 22 49 22 0.000 0.0 1 0.000 180.0 2 1.210 0.0 3
2 22 49 22 0.000 0.0 1 0.000 180.0 2 1.210 0.0 3
5 22 49 22 0.000 0.0 1 0.000 180.0 2 1.210 0.0 3
5 22 56 1 0.000 0.0 1 0.000 180.0 2 0.280 0.0 3
5 22 56 5 0.000 0.0 1 0.000 180.0 2 0.690 0.0 3
5 22 56 56 0.000 0.0 1 0.000 180.0 2 0.267 0.0 3
22 22 56 1 0.185 0.0 1 0.170 180.0 2 0.495 0.0 3
22 22 56 5 0.000 0.0 1 0.000 180.0 2 0.120 0.0 3
22 22 56 56 0.300 0.0 1 0.000 180.0 2 0.450 0.0 3
22 22 57 57 0.300 0.0 1 0.000 180.0 2 0.450 0.0 3
5 22 67 7 0.000 0.0 1 2.000 180.0 2 0.000 0.0 3
5 22 67 22 0.000 0.0 1 1.300 180.0 2 0.015 0.0 3
22 22 67 7 -0.300 0.0 1 1.200 180.0 2 0.150 0.0 3
1 33 33 1 0.000 0.0 1 0.000 180.0 2 0.021 0.0 3
1 37 37 1 -1.900 0.0 1 10.000 180.0 2 0.000 0.0 3
2 37 37 2 0.000 0.0 1 25.000 180.0 2 0.000 0.0 3
23 37 37 23 2.400 0.0 1 22.500 180.0 2 0.000 0.0 3
2 37 40 2 0.000 0.0 1 10.000 180.0 2 0.000 0.0 3
2 37 40 23 0.000 0.0 1 10.000 180.0 2 0.000 0.0 3
1 37 43 1 -1.900 0.0 1 10.000 180.0 2 0.000 0.0 3
1 37 43 7 0.000 0.0 1 14.000 180.0 2 0.000 0.0 3
1 38 38 22 -0.100 0.0 1 15.000 180.0 2 0.000 0.0 3
5 38 38 5 0.000 0.0 1 15.000 180.0 2 0.000 0.0 3
5 38 38 22 0.000 0.0 1 15.000 180.0 2 0.000 0.0 3
1 43 109 1 2.000 0.0 1 14.000 180.0 2 2.100 0.0 3
1 43 109 23 0.000 0.0 1 12.000 180.0 2 0.000 0.0 3
23 43 109 1 1.800 0.0 1 14.000 180.0 2 0.000 0.0 3
23 43 109 23 1.200 0.0 1 12.500 180.0 2 0.000 0.0 3
69 43 109 1 -1.900 0.0 1 15.000 180.0 2 0.000 0.0 3
69 43 109 23 -1.200 0.0 1 16.500 180.0 2 0.000 0.0 3
1 50 50 1 -0.300 0.0 1 4.814 180.0 2 0.000 0.0 3
1 50 50 5 0.000 0.0 1 6.104 180.0 2 0.000 0.0 3
1 50 50 50 -0.610 0.0 1 4.212 180.0 2 0.000 0.0 3
5 50 50 5 0.000 0.0 1 7.072 180.0 2 0.000 0.0 3
5 50 50 8 0.000 0.0 1 5.470 180.0 2 0.000 0.0 3
5 50 50 50 0.250 0.0 1 5.534 180.0 2 -0.550 0.0 3
8 50 50 50 0.000 0.0 1 5.470 180.0 2 0.000 0.0 3
50 50 50 50 -0.670 0.0 1 4.304 180.0 2 0.000 0.0 3
1 56 56 1 0.185 0.0 1 0.170 180.0 2 0.495 0.0 3
1 56 56 5 0.000 0.0 1 0.000 180.0 2 0.280 0.0 3
1 56 56 6 0.000 0.0 1 0.000 180.0 2 0.128 0.0 3
1 56 56 8 -0.302 0.0 1 0.696 180.0 2 0.499 0.0 3
1 56 56 22 0.185 0.0 1 0.170 180.0 2 0.495 0.0 3
1 56 56 56 0.185 0.0 1 0.170 180.0 2 0.495 0.0 3
1 56 56 58 0.000 0.0 1 0.000 180.0 2 0.180 0.0 3
3 56 56 3 0.000 0.0 1 0.000 180.0 2 0.300 0.0 3
3 56 56 5 0.000 0.0 1 0.000 180.0 2 0.180 0.0 3
3 56 56 56 0.000 0.0 1 0.000 180.0 2 0.500 0.0 3
5 56 56 5 0.000 0.0 1 0.000 180.0 2 0.238 0.0 3
5 56 56 6 0.000 0.0 1 0.000 180.0 2 0.300 0.0 3
5 56 56 8 0.000 0.0 1 0.000 180.0 2 0.374 0.0 3
5 56 56 9 0.000 0.0 1 0.000 180.0 2 0.400 0.0 3
5 56 56 15 0.000 0.0 1 0.000 180.0 2 0.540 0.0 3
5 56 56 19 0.000 0.0 1 0.000 180.0 2 0.600 0.0 3
5 56 56 22 0.000 0.0 1 0.000 180.0 2 0.167 0.0 3
5 56 56 56 0.000 0.0 1 0.000 180.0 2 0.280 0.0 3
5 56 56 57 0.000 0.0 1 0.000 180.0 2 0.420 0.0 3
5 56 56 58 0.000 0.0 1 0.000 180.0 2 0.180 0.0 3
6 56 56 58 0.200 0.0 1 -0.200 180.0 2 -1.000 0.0 3
8 56 56 56 -0.302 0.0 1 0.696 180.0 2 0.499 0.0 3
19 56 56 56 0.000 0.0 1 0.050 180.0 2 0.650 0.0 3
22 56 56 22 0.200 0.0 1 0.270 180.0 2 0.093 0.0 3
56 56 56 56 0.185 0.0 1 0.170 180.0 2 0.495 0.0 3
56 56 56 57 0.200 0.0 1 -0.200 180.0 2 1.300 0.0 3
57 56 56 57 0.000 0.0 1 0.000 180.0 2 2.370 0.0 3
5 56 57 1 0.800 0.0 1 0.000 180.0 2 0.540 0.0 3
5 56 57 2 0.000 0.0 1 0.000 180.0 2 -0.090 0.0 3
5 56 57 5 0.000 0.0 1 0.000 180.0 2 0.580 0.0 3
5 56 57 56 0.000 0.0 1 0.000 180.0 2 0.450 0.0 3
5 56 57 57 0.000 0.0 1 0.000 180.0 2 -0.090 0.0 3
56 56 57 1 0.060 0.0 1 0.030 180.0 2 1.250 0.0 3
56 56 57 2 -0.800 0.0 1 -0.100 180.0 2 -0.550 0.0 3
56 56 57 5 0.000 0.0 1 0.000 180.0 2 0.010 0.0 3
56 56 57 56 0.600 0.0 1 -0.030 180.0 2 1.250 0.0 3
56 56 57 57 -0.700 0.0 1 -0.200 180.0 2 -0.550 0.0 3
57 56 57 5 0.000 0.0 1 0.000 180.0 2 0.800 0.0 3
57 56 57 57 0.000 0.0 1 -0.400 180.0 2 0.500 0.0 3
5 56 58 6 0.000 0.0 1 0.000 180.0 2 0.000 0.0 3
5 56 58 7 -0.154 0.0 1 0.044 180.0 2 0.100 0.0 3
5 56 58 9 0.000 0.0 1 0.000 180.0 2 1.250 0.0 3
5 56 58 56 0.000 0.0 1 0.000 180.0 2 0.130 0.0 3
5 56 58 75 0.000 0.0 1 0.000 180.0 2 0.000 0.0 3
5 56 58 79 -0.210 0.0 1 3.750 180.0 2 0.300 0.0 3
56 56 58 7 -0.457 0.0 1 1.106 180.0 2 0.160 0.0 3
56 56 58 79 0.000 0.0 1 1.000 180.0 2 0.000 0.0 3
1 56 75 58 1.250 0.0 1 0.440 180.0 2 0.000 0.0 3
5 56 75 58 0.000 0.0 1 0.000 180.0 2 0.001 0.0 3
1 57 57 1 -0.300 0.0 1 8.000 180.0 2 0.000 0.0 3
1 57 57 5 0.000 0.0 1 10.000 180.0 2 0.000 0.0 3
1 57 57 56 -0.300 0.0 1 10.000 180.0 2 0.000 0.0 3
1 57 57 57 0.185 0.0 1 0.170 180.0 2 0.495 0.0 3
2 57 57 2 -0.670 0.0 1 7.000 180.0 2 0.000 0.0 3
2 57 57 5 0.250 0.0 1 9.000 180.0 2 -0.550 0.0 3
2 57 57 56 -0.610 0.0 1 7.000 180.0 2 0.000 0.0 3
2 57 57 57 -0.670 0.0 1 7.000 180.0 2 0.000 0.0 3
5 57 57 5 0.000 0.0 1 11.500 180.0 2 0.000 0.0 3
5 57 57 56 0.000 0.0 1 10.000 180.0 2 0.000 0.0 3
5 57 57 57 0.250 0.0 1 9.000 180.0 2 -0.550 0.0 3
22 57 57 22 0.200 0.0 1 0.270 180.0 2 0.093 0.0 3
56 57 57 56 -0.300 0.0 1 8.000 180.0 2 0.000 0.0 3
57 57 57 57 0.185 0.0 1 0.170 180.0 2 0.495 0.0 3
78 58 75 56 -2.660 0.0 1 7.500 180.0 2 0.200 0.0 3
1 70 71 1 2.125 0.0 1 8.393 180.0 2 -0.008 0.0 3
1 70 71 5 0.000 0.0 1 13.393 180.0 2 0.000 0.0 3
23 107 107 23 2.800 0.0 1 32.000 180.0 2 0.000 0.0 3
5 113 113 5 0.000 0.0 1 10.000 180.0 2 0.000 0.0 3
5 113 113 113 0.000 0.0 1 10.000 180.0 2 0.000 0.0 3
1 114 114 1 0.000 0.0 1 10.000 180.0 2 0.000 0.0 3
1 114 114 114 0.000 0.0 1 10.000 180.0 2 0.000 0.0 3
2 143 144 2 0.000 0.0 1 14.000 180.0 2 0.000 0.0 3
69 143 144 2 0.000 0.0 1 15.000 180.0 2 0.000 0.0 3
1 145 146 1 1.178 0.0 1 -4.212 180.0 2 1.537 0.0 3
1 145 146 23 0.060 0.0 1 -3.761 180.0 2 0.792 0.0 3
21 145 146 1 0.006 0.0 1 -3.909 180.0 2 -0.009 0.0 3
21 145 146 23 -6.800 0.0 1 -5.900 180.0 2 0.450 0.0 3
1 150 150 1 -0.300 0.0 1 -2.100 180.0 2 1.500 0.0 3
1 150 150 23 -0.500 0.0 1 -2.000 180.0 2 0.500 0.0 3
23 150 150 23 0.300 0.0 1 -3.500 180.0 2 0.350 0.0 3
23 150 150 150 0.025 0.0 1 0.000 180.0 2 0.000 0.0 3
1 153 159 1 1.227 0.0 1 0.432 180.0 2 1.005 0.0 3
1 153 159 21 2.011 0.0 1 -0.205 180.0 2 0.240 0.0 3
5 153 159 1 1.135 0.0 1 0.685 180.0 2 0.806 0.0 3
5 153 159 21 1.500 0.0 1 0.200 180.0 2 0.000 0.0 3
7 153 159 1 0.000 0.0 1 0.000 180.0 2 0.000 0.0 3
7 153 159 21 0.000 0.0 1 0.000 180.0 2 0.000 0.0 3
159 153 159 1 0.207 0.0 1 -0.300 180.0 2 0.974 0.0 3
159 153 159 21 0.828 0.0 1 0.112 180.0 2 0.280 0.0 3
1 154 155 1 1.889 0.0 1 -0.257 180.0 2 0.583 0.0 3
1 154 155 23 -0.220 0.0 1 0.746 180.0 2 0.266 0.0 3
5 154 155 1 0.000 0.0 1 0.000 180.0 2 0.360 0.0 3
5 154 155 23 0.000 0.0 1 0.000 180.0 2 0.360 0.0 3
7 154 155 1 -4.890 0.0 1 3.690 180.0 2 0.734 0.0 3
7 154 155 23 -2.587 0.0 1 3.618 180.0 2 0.115 0.0 3