1 2.040 0.027
2 1.960 0.056
3 1.940 0.056
4 1.940 0.056
5 1.620 0.020 0.923
6 1.820 0.059
7 1.820 0.059
8 1.930 0.043
9 1.930 0.043
10 1.930 0.043
11 1.710 0.075
12 2.070 0.240
13 2.220 0.320
14 2.360 0.424
15 2.150 0.202
16 2.150 0.202
17 2.150 0.202
18 2.150 0.202
19 2.290 0.140
20 0.000 0.000
21 1.600 0.016 0.923
22 1.940 0.045
23 1.600 0.018 0.923
24 0.900 0.015 0.923
25 2.220 0.168
26 2.150 0.014
27 2.150 0.014
28 1.600 0.015 0.923
29 1.940 0.030
30 1.940 0.056
31 2.440 0.200
32 2.590 0.270
33 2.740 0.340
34 2.290 0.276
35 2.440 0.368
36 1.617 0.020 0.923
37 1.930 0.043
38 1.960 0.056
39 1.930 0.043
40 1.930 0.043
41 1.820 0.059
42 2.150 0.202
43 1.930 0.043
44 1.620 0.020 0.923
45 1.930 0.043
46 1.930 0.043
47 1.820 0.059
48 1.600 0.034 0.923
49 1.820 0.059
50 1.960 0.056
51 1.530 0.026
52 1.600 0.090
53 1.990 0.268
54 2.150 0.358
55 2.280 0.495
56 2.040 0.027
57 1.960 0.056
58 1.940 0.056
59 2.200 0.015
60 2.200 0.168
61 2.200 0.020
62 2.200 0.020
63 2.200 0.020
64 2.200 0.020
65 2.200 0.020
66 2.200 0.020
67 1.940 0.056
68 1.940 0.056
69 1.820 0.059
70 1.820 0.059
71 1.940 0.056
72 1.930 0.043
73 1.600 0.015 0.923
74 2.150 0.202
75 1.820 0.059
76 1.820 0.059
77 1.820 0.059
78 1.820 0.059
79 1.820 0.059
80 1.820 0.059
81 1.820 0.059
82 1.820 0.059
83 1.820 0.059
84 1.820 0.059
85 1.820 0.059
86 1.820 0.059
87 1.820 0.059
88 1.820 0.059
89 1.820 0.059
90 1.820 0.059
91 1.820 0.059
92 1.820 0.059
93 1.820 0.059
94 1.820 0.059
95 1.820 0.059
96 1.820 0.059
97 1.820 0.059
98 1.820 0.059
99 1.820 0.059
100 1.820 0.059
101 1.820 0.059
102 1.820 0.059
103 1.820 0.059
104 2.150 0.202
105 2.150 0.202
106 1.940 0.056
107 1.930 0.043
108 1.930 0.043
109 1.930 0.043
110 1.940 0.044
111 1.930 0.043
112 0.000 0.000
113 1.960 0.056
114 1.960 0.056
115 1.820 0.059
116 1.820 0.059
117 1.820 0.059
118 1.820 0.059
119 1.820 0.059
120 1.820 0.059
121 1.820 0.059
122 0.000 0.000
123 0.000 0.000
124 1.620 0.020 0.923
125 2.810 0.134
126 3.000 0.185
127 3.070 0.233
128 2.780 0.312
129 2.740 0.340
130 2.730 0.349
131 2.730 0.349
132 2.720 0.358
133 2.710 0.365
134 2.940 0.271
135 2.710 0.365
136 2.700 0.372
137 2.690 0.379
138 2.670 0.393
139 2.670 0.393
140 2.670 0.393
141 2.790 0.298
142 2.650 0.407
143 1.930 0.043
144 1.930 0.043
145 1.820 0.059
146 1.930 0.043
147 0.000 0.000
148 1.820 0.060
149 1.820 0.060
150 1.930 0.043
151 1.930 0.043
152 0.000 0.000
153 2.220 0.168
154 2.150 0.202
155 1.930 0.043
159 1.820 0.059
160 1.960 0.056
161 1.960 0.056
162 1.940 0.056