1 0 0 Hydrogen H 1.007 255 255 255 .3 .382 1.2 1
2 0 17 Helium He 4.003 153 153 153 .32 .00 1.4 1
3 1 0 Lithium Li 6.941 255 0 255 1.34 0.00 1.82 1
4 1 1 Beryllium Be 9.012 204 255 255 .90 0.00 1.06 2
5 1 12 Boron B 10.811 0 204 0 .82 0.00 0.84 3
6 1 13 Carbon C 12.0 155 155 155 .77 .357 1.85 4
7 1 14 Nitrogen N 14.0 0 0 255 .74 .447 1.5 3
8 1 15 Oxygen O 16.0 255 0 0 .62 .536 1.4 2
9 1 16 Fluorine F 18.998 153 153 51 .71 0.00 1.47 1
10 1 17 Neon Ne 20.180 204 0 102 .69 0.00 1.54 1
11 2 0 Sodium Na 22.99 238 238 238 1.54 0.00 2.27 1  
12 2 1 Magnesium Mg 24.3050 204 255 153 1.30 0.00 1.73 2
13 2 12 Aluminum Al 26.981538 204 204 204 1.18 0.00 0.00 3
14 2 13 Silicon Si 28.0855 102 102 153 1.11 0.00 2.10 4
15 2 14 Phosphorus P 30.973761 170 0 0 1.06 0.00 1.80 3
16 2 15 Sulfur S 32.066 255 255 51 1.02 0.00 1.80 2
17 2 16 Chlorine Cl 35.4527 153 255 51 0.99 0.00 1.75 1
18 2 17 Argon Ar 39.948 204 204 255 0.97 0.00 1.88 0
19 3 0 Potassium K 39.0983 187 187 187 1.96 0.00 2.75 1
20 3 1 Calcium Ca 40.078 221 221 221 1.74 0.00 0.00 2
21 3 2 Scandium Sc 44.955910 255 204 204 1.44 0.00 0.00 3
22 3 3 Titanium Ti 47.867 170 170 170 1.36 0.00 0.00 2
23 3 4 Vanadium V 50.9415 68 68 68 1.25 0.00 0.00 2
24 3 5 Chromium Cr 51.9961 136 136 136 1.27 0.00 0.00 2
25 3 6 Manganese Mn 54.938049 85 85 85 1.39 0.00 0.00 2
26 3 7 Iron Fe 55.845 102 102 102 1.25 0.00 0.00 2
27 3 8 Cobalt Co 58.93320 153 153 204 1.26 0.00 0.00 2
28 3 9 Nickel Ni 58.69 215 215 215 1.21 0.00 1.63 2
29 3 10 Copper Cu 63.546 153 102 0 1.38 0.00 1.40 1
30 3 11 Zinc Zn 65.39 153 204 255 1.31 0.00 1.39 2
31 3 12 Gallium Ga 69.723 153 255 255 1.26 0.00 1.87 3
32 3 13 Germanium Ge 72.61 153 204 204 1.22 0.00 0.00 4
33 3 14 Arsenic As 74.92160 225 225 153 1.19 0.00 1.85 3
34 3 15 Selenium Se 78.96 17 17 17 1.16 0.00 1.90 2
35 3 16 Bromine Br 79.904 204 51 0 1.14 0.00 1.85 1
36 3 17 Krypton Kr 83.80 0 187 0 1.10 0.00 2.02 0
37 4 0 Rubidium Rb 85.4678 204 153 255 2.11 0.00 0.00 1
38 4 1 Strontium Sr 87.62 255 255 204 1.92 0.00 0.00 2
39 4 2 Yttrium Y 88.90585 204 0 0 1.62 0.00 0.00 3
40 4 3 Zirconium Zr 91.224 102 153 153 1.48 0.00 0.00 2
41 4 4 Niobium Nb 92.90638 102 153 255 1.37 0.00 0.00 3
42 4 5 Molybdenum Mo 95.94 0 17 0 1.45 0.00 0.00 2
43 4 6 Technetium Tc 98 204 204 153 1.56 0.00 0.00 4
44 4 7 Ruthenium Ru 101.07 204 153 153 1.26 0.00 0.00 3
45 4 8 Rhodium Rh 102.90550 153 0 0 1.35 0.00 0.00 3
46 4 9 Palladium Pd 106.42 0 51 102 1.31 0.00 1.63 2
47 4 10 Silver Ag 107.8682 119 119 119 1.53 0.00 1.72 1
48 4 11 Cadmium Cd 112.411 51 255 255 1.48 0.00 1.58 2
49 4 12 Indium In 114.818 204 255 204 1.44 0.00 1.93 1
50 4 13 Tin Sn 118.710 0 153 153 1.41 0.00 2.17 4
51 4 14 Antimony Sb 121.760 0 102 255 1.38 0.00 0.00 3
52 4 15 Tellurium Te 127.60 51 153 51 1.35 0.00 2.06 2
53 4 16 Iodine I 126.90447 102 0 102 1.33 0.00 1.98 1
54 4 17 Xenon Xe 131.29 0 0 102 1.30 0.00 2.16 0
55 5 0 Cesium Cs 132.90545 0 102 153 2.25 0.00 0.00 1
56 5 1 Barium Ba 137.327 51 0 204 1.98 0.00 0.00 2
57 5 2 Lanthanum La 138.9055 0 204 204 1.69 0.00 0.00 3
72 5 3 Hafnium Hf 178.49 136 0 0 1.50 0.00 0.00 4
73 5 4 Tantalum Ta 180.9479 102 153 204 1.38 0.00 0.00 3
74 5 5 Tungsten W 183.84 160 160 160 1.46 0.00 0.00 4
75 5 6 Rhenium Re 186.207 102 255 102 1.59 0.00 0.00 3
76 5 7 Osmium Os 190.23 102 204 204 1.28 0.00 0.00 4
77 5 8 Iridium Ir 192.217 204 255 51 1.37 0.00 0.00 2
78 5 9 Platinum Pt 195.078 0 255 204 1.28 0.00 1.75 2
79 5 10 Gold Au 196.96655 204 153 0 1.44 0.00 1.66 3
80 5 11 Mercury Hg 200.59 119 0 0 1.49 0.00 1.55 2
81 5 12 Thallium Tl 204.3833 153 102 51 1.48 0.00 1.96 3
82 5 13 Lead Pd 207.2 0 0 136 1.47 0.00 2.02 4
83 5 14 Bismuth Bi 208.98038 255 102 153 1.46 0.00 0.00 3
84 5 15 Polonium Po 209 0 102 51 1.00 0.00 0.00 4
85 5 16 Astanine At 210 153 0 51 1.00 0.00 0.00 1
86 5 17 Radon Rn 222 255 204 51 1.45 0.00 0.00 1
87 6 0 Francium Fr 223 255 51 204 1.00 0.00 0.00 1
88 6 1 Radium Ra 226 238 0 0 1.00 0.00 0.00 2
89 6 2 Actinium Ac 227 51 51 51 1.00 0.00 0.00 2
104 6 3 Rutherfordian Rf 261 153 255 204 1.00 0.00 0.00 1
105 6 4 Dubnium Db 262 204 102 51 1.00 0.00 0.00 1
106 6 5 Seaborgium Sg 266 102 51 51 1.00 0.00 0.00 1
107 6 6 Bohrium Bh 264 0 51 51 1.00 0.00 0.00 1
108 6 7 Hassium Hs 269 51 204 204 1.00 0.00 0.00 1
109 6 8 Meitnerium Mt 268 51 255 204 1.00 0.00 0.00 1
110 6 9 Ununnilium Uun 269 204 0 204 1.00 0.00 0.00 1
111 6 10 Unununium Uuu 272 255 153 153 1.00 0.00 0.00 1
112 6 11 Ununbium Uub 277 153 204 51 1.00 0.00 0.00 1
114 6 13 Ununquadium Uuq 285 153 51 51 1.00 0.00 0.00 1
116 6 15 Ununhexium Uuh 289 153 0 153 1.00 0.00 0.00 1
118 6 17 Ununoctium Uuo 293 51 102 204 1.00 0.00 0.00 1
58 8 1 Cerium Ce 140.116 153 153 0 1.00 0.00 0.00 3
59 8 2 Praseodymium Pr 140.90765 204 255 0 1.00 0.00 0.00 3
60 8 3 Neodymium Nd 144.24 204 255 102 1.00 0.00 0.00 3
61 8 4 Promethium Pm 145 0 255 153 1.00 0.00 0.00 3
62 8 5 Samarium Sm 150.36 0 102 0 1.00 0.00 0.00 3
63 8 6 Europium Eu 151.964 221 0 0 1.00 0.00 0.00 3
64 8 7 Gadolinium Gd 157.25 51 0 153 1.00 0.00 0.00 3
65 8 8 Terbium Tb 158.92534 0 0 187 1.00 0.00 0.00 3
66 8 9 Dysprosium Dy 162.50 0 238 0 1.00 0.00 0.00 3
67 8 10 Holmium Ho 164.93032 204 102 0 1.00 0.00 0.00 3
68 8 11 Erbium Er 167.26 0 153 204 1.00 0.00 0.00 3
69 8 12 Thulium Tm 168.93421 0 255 255 1.00 0.00 0.00 3
70 8 13 Ytterbium Yb 173.04 0 119 0 1.00 0.00 0.00 3
71 8 14 Lutetium Lu 174.967 51 51 204 1.60 0.00 0.00 3
90 9 1 Thorium Th 232.0381 51 0 0 1.00 0.00 0.00 2
91 9 2 Protactinium Pa 231.03588 204 51 51 1.00 0.00 0.00 5
92 9 3 Uranium U 238.0289 255 102 51 1.00 0.00 1.86 3
93 9 4 Neptunium Np 237 0 221 0 1.00 0.00 0.00 3
94 9 5 Plutonium Pu 244 204 51 102 1.00 0.00 0.00 3
95 9 6 Americium Am 243 153 102 102 1.00 0.00 0.00 3
96 9 7 Curium Cm 247 204 204 102 1.00 0.00 0.00 3
97 9 8 Berkelium Bk 247 255 0 153 1.00 0.00 0.00 3
98 9 9 Californium Cf 251 0 204 255 1.00 0.00 0.00 3
99 9 10 Einsteinium Es 252 51 153 0 1.00 0.00 0.00 3
100 9 11 Fermium Fm 257 0 0 119 1.00 0.00 0.00 1
101 9 12 Mendelevium Md 258 255 102 102 1.00 0.00 0.00 1
102 9 13 Nobelium No 259 187 0 0 1.00 0.00 0.00 1            
103 9 14 Lawrencium Lr 262 204 51 255 1.00 0.00 0.00 1